X.chromosome	start	end	crest	length	tcnNbrOfLoci	tcnMean	tcnNbrOfSNPs	tcnNbrOfHets	dhNbrOfLoci	map	dhMax	cluster	neighbour	distDH	errorSNP	distTcn	errorLength	totalError	minStart	maxStart	minStop	maxStop	area	peaks	meanCovT	meanCovB	tcnMeanRaw	AF	BAF	dhMean	c1Mean	c2Mean	A	B	genotype	TCN	CNA.type
1	840009	12839977	NA	11999973	172141	3.0451222	171017	6774	43541	mappable	0.318166667	3	edge	0.00170659241	0.00012661433	0.0109428819	0.08504657	0.08517318	840009	840009	12839977	12839977	0.93178746	2	856752.9	56.2741	0.9449385	28.72682	0.6634047	0.32680931	1.024973965	2.0201483	2	1	2:1	3	TCNneutral
1	13780016	76560041	NA	62780028	807229	3.0451222	804120	34455	222935	mappable	0.3219	3	NA	0.00430502538	2.662123e-05	0.0061007052	0.07720874	0.07723536	13780016	13780016	76559969	76560113	0.93674129	2	856752.9	56.2741	0.9449385	28.72682	0.6634047	0.32680931	1.024973965	2.0201483	2	1	2:1	3	TCNneutral
1	76560041	76570104	NA	10064	134	3.4754449	134	0	41	mappable	NA	NA	NA	NA	Inf	0.1265045204	0.15041081	Inf	76559969	76560113	76569994	76570104	NA	missing	814044	NA	1.0731	NA	NA	NA	NA	NA	NA	NA	NA	NA	NA
1	76570105	80549994	NA	3979890	54119	3.0451222	53951	2692	15858	mappable	0.317735714	3	NA	0.00454526846	0.00034965035	0.004433749	0.09122299	0.09157264	76570105	76570215	80549922	80550066	0.93934466	2	856752.9	56.2741	0.9449385	28.72682	0.6634047	0.32680931	1.024973965	2.0201483	2	1	2:1	3	TCNneutral
1	80549994	80779973	NA	229980	3500	2.9489854	3496	111	1092	mappable	0.362671031	14	NA	0.03896809986	0.00869565217	0.0542954796	0.11228922	0.12098487	80549922	80550066	80779808	80780138	0.97627603	2	820323.4	53.78435	0.9163064	28.36481	0.662386	0.32477195	0.995618822	1.9533666	2	1	2:1	3	TCNneutral
1	80779973	80799977	NA	20005	365	3.5346888	364	8	110	mappable	0.389635569	11	NA	0.07109363086	0.11111111111	0.0964045204	0.13997689	0.251088	80779808	80780138	80799945	80800009	NA	missing	987272.5	69.91864	1.0907444	NA	NA	NA	NA	NA	NA	NA	NA	NA	NA
1	80799977	100749777	NA	19949801	261720	3.0451222	260581	13487	75249	mappable	0.322488636	3	self	0.00656486983	6.837139e-05	0.0015691408	0.08247467	0.08254304	80799945	80800009	100749523	100749777	0.9340647	2	856752.9	56.2741	0.9449385	28.72682	0.6634047	0.32680931	1.024973965	2.0201483	2	1	2:1	3	TCNneutral
1	100749778	100759993	NA	10216	151	3.4786874	151	3	46	mappable	0.20339668	17	NA	0.11335603103	0.33333333333	0.1329045204	0.15016658	0.48349991	100749778	100750032	100759906	100759993	NA	missing	1128781	60.77293	1.0740657	NA	NA	NA	NA	NA	NA	NA	NA	NA	NA
1	100759994	104490010	NA	3730017	50357	2.9489854	50251	1450	15053	mappable	0.327642308	14	NA	0.0119972894	0.00064267352	0.0273954796	0.09161389	0.09225656	100759994	100760081	104489990	104490030	0.86059945	2	820323.4	53.78435	0.9163064	28.36481	0.662386	0.32477195	0.995618822	1.9533666	2	1	2:1	3	TCNneutral
1	104490010	104519947	NA	29938	484	3.3105838	484	0	151	mappable	NA	NA	NA	NA	Inf	0.0774045204	0.13450179	Inf	104489990	104490030	104519842	104520052	NA	missing	770660.5	NA	1.024	NA	NA	NA	NA	NA	NA	NA	NA	NA	NA
1	104519947	120529963	NA	16010017	216260	3.0451222	215667	9573	61854	mappable	0.320387037	3	NA	0.00249358378	9.836711e-05	0.0115530774	0.08356847	0.08366684	104519842	104520052	120529963	120529963	0.92637319	2	856752.9	56.2741	0.9449385	28.72682	0.6634047	0.32680931	1.024973965	2.0201483	2	1	2:1	3	TCNneutral
1	121220004	121229986	NA	9983	177	2.9489854	176	11	62	mappable	0.338646637	14	NA	0.01570854671	0.08333333333	0.2107954796	0.15054281	0.23387614	121220004	121220004	121229986	121229986	NA	missing	820323.4	53.78435	0.9163064	NA	NA	NA	NA	NA	NA	NA	NA	NA	TCNneutral
1	144010127	144019970	NA	9844	155	3.0451222	82	0	26	mappable	NA	3	self	0.02040442214	0.01369863014	0.0004954796	0.15077238	0.16447101	144010127	144010127	144019970	144019970	NA	missing	856752.9	NA	0.9449385	NA	NA	NA	NA	NA	NA	NA	NA	NA	TCNneutral
1	144920087	145739956	NA	819870	6376	3.4786874	5827	117	1953	mappable	0.355010796	17	NA	0.21644199631	0.0015015015	0.0064045204	0.10180689	0.10330839	144920087	144920087	145739956	145739956	0.90684357	2	1128781	60.77293	1.0740657	33.29771	0.5398033	0.07960657	1.600880519	1.8778069	2	sub	2:sub	sub	NA
1	146540101	147829895	NA	1289795	11686	2.9489854	11657	741	3239	mappable	0.319965123	14	NA	0.00581547122	0.0012987013	0.0432954796	0.09852843	0.09982713	146540101	146540101	147829895	147829895	0.96533446	2	820323.4	53.78435	0.9163064	28.36481	0.662386	0.32477195	0.995618822	1.9533666	2	1	2:1	3	TCNneutral
1	149815060	149835012	NA	19953	69	2.4379281	69	0	18	mappable	NA	NA	NA	NA	Inf	0.1824954796	0.14001368	Inf	149815060	149815060	149819939	149850085	NA	missing	785898	NA	0.7641	NA	NA	NA	NA	NA	NA	NA	NA	NA	NA
1	149835012	152549947	NA	2714936	27733	3.0451222	27622	900	7628	mappable	0.302037433	3	NA	0.00865725605	0.00098911968	0.0078045204	0.09357825	0.09456737	149819939	149850085	152549876	152550018	0.95177283	2	856752.9	56.2741	0.9449385	28.72682	0.6634047	0.32680931	1.024973965	2.0201483	2	1	2:1	3	TCNneutral
1	152549947	152600032	NA	50086	585	2.9489854	580	36	82	mappable	0.300896975	14	identical	0.02235794177	0.0243902439	0.2050954796	0.1281056	0.15249585	152549876	152550018	152599950	152600114	0.91259333	2	820323.4	53.78435	0.9163064	28.36481	0.662386	0.32477195	0.995618822	1.9533666	2	1	2:1	3	TCNneutral
1	152600032	168040112	NA	15440084	204124	3.0451222	203361	9634	56862	mappable	0.323564286	3	self	0.00832851925	9.618159e-05	0.0009973697	0.08375147	0.08384765	152599950	152600114	168039980	168040244	0.94359554	2	856752.9	56.2741	0.9449385	28.72682	0.6634047	0.32680931	1.024973965	2.0201483	2	1	2:1	3	TCNneutral
1	168040112	175199940	NA	7159829	92677	2.9489854	92440	3031	26965	mappable	0.313475	14	NA	0.0017027106	0.00030599755	0.0164954796	0.08782911	0.08813511	168039980	168040244	175199830	175199940	0.91716369	2	820323.4	53.78435	0.9163064	28.36481	0.662386	0.32477195	0.995618822	1.9533666	2	1	2:1	3	TCNneutral
1	175199941	175219933	NA	19993	185	3.4786874	170	4	45	mappable	0.285706329	17	NA	0.1581527106	0.05263157895	0.1815045204	0.13998537	0.19261695	175199941	175200051	175209831	175230035	NA	missing	1128781	60.77293	1.0740657	NA	NA	NA	NA	NA	NA	NA	NA	NA	NA
1	175219933	220739962	NA	45520035	624836	3.0451222	622684	28734	179868	mappable	0.322390152	3	self	0.00446347958	3.237713e-05	0.0018091552	0.07861636	0.07864873	175209831	175230035	220739843	220739962	0.93190842	2	856752.9	56.2741	0.9449385	28.72682	0.6634047	0.32680931	1.024973965	2.0201483	2	1	2:1	3	TCNneutral
1	220739963	220800005	NA	60043	670	3.4786874	670	2	210	mappable	0.194308989	17	NA	0.12244372184	0.5	0.0922045204	0.1259945	0.6259945	220739963	220740082	220799983	220800027	NA	missing	1128781	60.77293	1.0740657	NA	NA	NA	NA	NA	NA	NA	NA	NA	NA
1	220800005	225670001	NA	4869997	60831	2.9489854	60552	2634	17380	mappable	0.314375	14	NA	0.0051277106	0.00034328871	0.0249954796	0.09002728	0.09037056	220799983	220800027	225669942	225670001	0.94089733	2	820323.4	53.78435	0.9163064	28.36481	0.662386	0.32477195	0.995618822	1.9533666	2	1	2:1	3	TCNneutral
1	225670002	225856821	NA	186820	2000	3.5346888	1996	4	613	mappable	0.450802695	11	NA	0.12851278236	0.125	0.0932045204	0.11421204	0.23921204	225670002	225670061	225856814	225856821	NA	missing	987272.5	69.91864	1.0907444	NA	NA	NA	NA	NA	NA	NA	NA	NA	NA
1	225856822	231250045	NA	5393224	74714	3.0451222	74390	2783	20341	mappable	0.319247756	3	self	0.0017222894	0.00032185388	0.0075045204	0.08943457	0.08975643	225856822	225856829	231249783	231250045	0.91842668	2	856752.9	56.2741	0.9449385	28.72682	0.6634047	0.32680931	1.024973965	2.0201483	2	1	2:1	3	TCNneutral
1	231250046	249209945	NA	17959900	256870	2.0127386	255509	14502	71068	mappable	0.9384	1	edge	0.6216472894	6.304375e-05	0.2812954796	0.08299349	0.08305653	231250046	231250308	249209945	249209945	0.93485706	2	552799.9	53.37926	0.6374673	27.4755	0.9951483	0.99029656	0.009765241	2.0029734	2	0	2:0	2	DEL;LOH
12	160107	15726299	NA	15566196	211235	3.0451222	210041	10642	57828	mappable	0.316112821	3	edge	0.0032410882	8.4488e-05	0.0071492918	0.08371033	0.08379482	160107	160107	15726269	15726299	0.91891581	2	856752.9	56.2741	0.9449385	28.72682	0.6634047	0.32680931	1.024973965	2.0201483	2	1	2:1	3	TCNneutral
12	15726300	15819608	ITX	93309	1369	5.1591265	1367	8	392	mappable	0.582320325	15	identical	0.26279510159	0.1	0.5918045204	0.1211407	0.2211407	15726300	15726308	15819599	15819608	NA	missing	1501428.7	118.53502	1.574545	NA	NA	NA	NA	NA	NA	NA	NA	NA	DUP
12	15819609	20163930	DEL	4344322	61289	3.0451222	61073	3352	17816	mappable	0.310482927	3	NA	0.00908502767	0.00028026906	0.0022045204	0.09070007	0.09098034	15819609	15819628	20163766	20163930	0.94087553	2	856752.9	56.2741	0.9449385	28.72682	0.6634047	0.32680931	1.024973965	2.0201483	2	1	2:1	3	TCNneutral
12	20163931	20163931	INV	1	0	0	0	0	NA	mappable	NA	NA	NA	NA	Inf	0.9465954796	Inf	Inf	20163931	20163931	20163931	20163931	NA	missing	NA	NA	0	NA	NA	0	0	0	0	0	NA	0	HomoDel
12	20163932	20177345	DUP	13414	288	57.4991802	287	1	86	mappable	0.927679158	NA	NA	0.40195532433	0.5	16.2162045204	0.14586347	0.64586347	20163932	20164017	20177223	20177345	NA	missing	13876501.5	1337.47213	17.1628	NA	NA	NA	NA	NA	NA	NA	NA	NA	DUP
12	20177346	20179468	INV	2123	48	68.4260117	48	0	16	mappable	NA	NA	NA	NA	Inf	19.4705045204	0.18096454	Inf	20177346	20177361	20179405	20179468	NA	missing	16384940	NA	20.4171	NA	NA	NA	NA	NA	NA	NA	NA	NA	DUP
12	20179469	20198512	DUP	19044	354	66.8213862	353	0	103	mappable	NA	NA	NA	0.07213617829	1	18.9926045204	0.14067617	1.14067617	20179469	20179492	20198318	20198512	NA	missing	16592771.2	NA	19.9392	NA	NA	NA	NA	NA	NA	NA	NA	NA	DUP
12	20198513	20198998	DEL	486	8	65.3117825	8	0	4	mappable	NA	NA	NA	NA	Inf	18.5430045204	0.22409434	Inf	20198513	20198606	20198948	20198998	NA	missing	16562825	NA	19.4896	NA	NA	NA	NA	NA	NA	NA	NA	NA	DUP
12	20198999	20199425	DUP	427	8	65.3117825	8	0	1	mappable	NA	NA	NA	NA	Inf	18.5430045204	0.22888291	Inf	20198999	20199004	20199414	20199425	NA	missing	16562825	NA	19.4896	NA	NA	NA	NA	NA	NA	NA	NA	NA	DUP
12	20199426	20200233	DUP	808	11	67.2659403	11	0	5	mappable	NA	NA	NA	NA	Inf	19.1250045204	0.20707768	Inf	20199426	20199699	20200140	20200233	NA	missing	16853023.7	NA	20.0716	NA	NA	NA	NA	NA	NA	NA	NA	NA	DUP
12	20200234	20266956	INV	66723	916	66.3234453	913	3	292	mappable	0.960064697	NA	NA	0.64303818979	0.16666666667	18.8443045204	0.12479801	0.29146468	20200234	20200260	20266944	20266956	NA	missing	17155334.1	1680.35844	19.7909	NA	NA	NA	NA	NA	NA	NA	NA	NA	DUP
12	20266957	20271409	DEL	4453	79	62.6948226	79	0	20	mappable	NA	NA	NA	NA	Inf	17.7636045204	0.16500885	Inf	20266957	20267081	20271403	20271409	NA	missing	17121472.2	NA	18.7102	NA	NA	NA	NA	NA	NA	NA	NA	NA	DUP
12	20271410	20271605	DUP	196	3	70.7582421	3	0	1	mappable	NA	NA	NA	NA	Inf	20.1651045204	0.26264954	Inf	20271410	20271462	20271599	20271605	NA	missing	16871997	NA	21.1117	NA	NA	NA	NA	NA	NA	NA	NA	NA	DUP
12	20271606	20271791	DUP	186	5	70.7582421	5	0	2	mappable	NA	NA	NA	NA	Inf	20.1651045204	0.26528159	Inf	20271606	20271662	20271737	20271791	NA	missing	16871997	NA	21.1117	NA	NA	NA	NA	NA	NA	NA	NA	NA	DUP
12	20271792	20285842	DEL	14051	188	70.2327683	178	0	54	mappable	NA	NA	NA	0.64784497994	0.1	20.0086045204	0.14515489	0.24515489	20271792	20271815	20285804	20285842	NA	missing	16965125	NA	20.9552	NA	NA	NA	NA	NA	NA	NA	NA	NA	DUP
12	20285843	20285920	INV	78	1	69.2382296	1	0	0	mappable	NA	NA	NA	NA	Inf	19.7124045204	0.31819762	Inf	20285843	20285847	20285847	20285920	NA	missing	17148276.7	NA	20.659	NA	NA	NA	NA	NA	NA	NA	NA	NA	DUP
12	20285921	20292161	INV	6241	97	68.6989894	97	0	32	mappable	NA	NA	NA	NA	Inf	19.5518045204	0.15863496	Inf	20285921	20285939	20292133	20292161	NA	missing	16990866	NA	20.4984	NA	NA	NA	NA	NA	NA	NA	NA	NA	DUP
12	20292162	20346906	DUP	54745	936	67.2609039	932	46	272	mappable	0.960062119	NA	NA	0.64198649426	0.02	19.1235045204	0.12706125	0.14706125	20292162	20292214	20346819	20346906	0.95654407	2	16036073.4	1572.75946	20.0701	25.31535	0.9816759	0.96335185	1.232493762	66.0284101	66	1	66:1	67	DUP
12	20346907	26929997	INV	6583091	95256	3.0451222	94982	3018	27772	mappable	0.307828571	3	self	0.0085527106	0.00030376671	0.0053954796	0.08829892	0.08860269	20346907	20346953	26929913	26929997	0.93978961	2	856752.9	56.2741	0.9449385	28.72682	0.6634047	0.32680931	1.024973965	2.0201483	2	1	2:1	3	TCNneutral
12	26929998	27029229	DUP	99232	1324	5.1591265	1321	81	387	mappable	0.584973562	15	identical	0.27089116464	0.0119047619	0.5970045204	0.12049269	0.13239745	26929998	26940003	27029164	27029229	0.98980452	2	1501428.7	118.53502	1.574545	30.21239	0.7966446	0.59328914	1.049136393	4.1099901	4	1	4:1	5	DUP
12	27029230	27226079	INV	196850	2364	3.0451222	2363	78	716	mappable	0.356025	3	self	0.0392722894	0.01265822785	0.0294045204	0.11372206	0.12638029	27029230	27029269	27219921	27226079	0.95330989	2	856752.9	56.2741	0.9449385	28.72682	0.6634047	0.32680931	1.024973965	2.0201483	2	1	2:1	3	TCNneutral
12	27226080	27454604	INV	228525	1996	4.0116051	1990	53	584	mappable	0.494602598	7	NA	0.17198446889	0.01694915254	0.3089045204	0.11234697	0.12929613	27226080	27300097	27454528	27454604	0.99992016	2	1077292.1	79.3354	1.2327827	27.68742	0.7439574	0.48791486	1.027141676	2.9844634	3	1	3:1	4	DUP
12	27454605	27458406	INV	3802	55	3.9713712	53	0	13	mappable	NA	NA	NA	0.04381437068	0.5	0.2742045204	0.16817261	0.66817261	27454605	27454657	27458275	27458406	NA	missing	1030325.7	NA	1.2208	NA	NA	NA	NA	NA	NA	NA	NA	NA	DUP
12	27458407	27505420	DUP	47014	597	4.0116051	595	40	173	mappable	0.498353512	7	NA	0.1835174399	0.02380952381	0.3098045204	0.12885931	0.15266884	27458407	27458560	27505376	27505420	1	2	1077292.1	79.3354	1.2327827	27.68742	0.7439574	0.48791486	1.027141676	2.9844634	3	1	3:1	4	DUP
12	27505421	27614774	DEL	109354	1574	5.1591265	1565	10	473	mappable	0.588858823	15	NA	0.26054688046	0.05263157895	0.5467045204	0.11948397	0.17211555	27505421	27505520	27614760	27614774	NA	missing	1501428.7	118.53502	1.574545	NA	NA	NA	NA	NA	NA	NA	NA	NA	DUP
12	27614775	27614980	ITX	206	3	3.94451	3	0	0	mappable	NA	NA	NA	NA	Inf	0.2662045204	0.26019643	Inf	27614775	27614870	27614953	27614980	NA	missing	1155020	NA	1.2128	NA	NA	NA	NA	NA	NA	NA	NA	NA	DUP
12	27614981	34560007	DUP	6945029	92116	3.0451222	91729	5732	25972	mappable	0.31505	3	NA	0.00169254197	0.0001634254	0.0028164087	0.08799893	0.08816235	27614981	27614992	34559994	34560020	0.92913668	2	856752.9	56.2741	0.9449385	28.72682	0.6634047	0.32680931	1.024973965	2.0201483	2	1	2:1	3	TCNneutral
12	34560007	34739989	NA	179983	4759	2.9489854	4755	247	1543	mappable	0.302105952	14	NA	0.01464675822	0.00398406375	0.2402954796	0.11456393	0.118548	34559994	34560020	34739965	34740013	0.87974935	2	820323.4	53.78435	0.9163064	28.36481	0.662386	0.32477195	0.995618822	1.9533666	2	1	2:1	3	TCNneutral
12	34739989	34819969	NA	79981	1884	2.5139019	1884	94	618	mappable	0.261523142	13	NA	0.05522956866	0.01063829787	0.1491954796	0.12279454	0.13343283	34739965	34740013	34819969	34819969	0.91450261	2	694145.2	41.13521	0.786727	27.95514	0.5973049	0.19460986	1.012335887	1.501566	sub	1	sub:1	sub	NA
12	38000003	38219945	NA	219944	8005	2.9489854	7840	149	2746	mappable	0.342889084	14	NA	0.0159917822	0.00318471338	0.2074506951	0.11269652	0.11588123	38000003	38000003	38219884	38220006	0.93363881	2	820323.4	53.78435	0.9163064	28.36481	0.662386	0.32477195	0.995618822	1.9533666	2	1	2:1	3	TCNneutral
12	38219945	38425011	NA	205067	7131	2.5139019	7098	407	2327	mappable	0.2778	13	NA	0.04947089242	0.00227272727	0.2411954796	0.11334183	0.11561456	38219884	38220006	38419978	38425011	0.90575855	2	694145.2	41.13521	0.786727	27.95514	0.5973049	0.19460986	1.012335887	1.501566	sub	1	sub:1	sub	NA
12	38425012	38774944	NA	349933	2047	2.9489854	2042	85	634	mappable	0.388251647	14	NA	0.07164144528	0.01111111111	0.0701954796	0.10859698	0.11970809	38425012	38430045	38769855	38774944	0.86226999	2	820323.4	53.78435	0.9163064	28.36481	0.662386	0.32477195	0.995618822	1.9533666	2	1	2:1	3	TCNneutral
12	38774945	41027999	NA	2253055	31744	3.0451222	31619	1503	9404	mappable	0.325325	3	NA	0.0085722894	0.00061425061	0.0087045204	0.09477123	0.09538548	38774945	38780034	41027960	41027999	0.96238492	2	856752.9	56.2741	0.9449385	28.72682	0.6634047	0.32680931	1.024973965	2.0201483	2	1	2:1	3	TCNneutral
12	41028000	41028169	DUP	170	3	3.0295477	3	0	0	mappable	NA	NA	NA	NA	Inf	0.0062954796	0.26992772	Inf	41028000	41028112	41028162	41028169	NA	missing	802060	NA	0.9403	NA	NA	NA	NA	NA	NA	NA	NA	NA	TCNneutral
12	41028170	41134666	ITX	106497	1368	3.2649197	1368	0	424	mappable	NA	NA	NA	NA	Inf	0.0638045204	0.11975723	Inf	41028170	41028338	41134645	41134666	NA	missing	816764.2	NA	1.0104	NA	NA	NA	NA	NA	NA	NA	NA	NA	TCNneutral
12	41134667	41317387	DUP	182721	2842	4.0116051	2840	8	858	mappable	0.54894648	7	NA	0.23309859602	0.1	0.3405045204	0.11442117	0.21442117	41134667	41134713	41317127	41317387	NA	missing	1077292.1	79.3354	1.2327827	NA	NA	NA	NA	NA	NA	NA	NA	NA	DUP
12	41317388	58138907	DUP	16821520	207343	3.0451222	206485	9911	57499	mappable	0.318475	3	NA	0.0017222894	9.286776e-05	0.0130045204	0.08332012	0.08341299	41317388	41317410	58138879	58138907	0.94179965	2	856752.9	56.2741	0.9449385	28.72682	0.6634047	0.32680931	1.024973965	2.0201483	2	1	2:1	3	TCNneutral
12	58138908	58139069	ITX	162	3	9.8325018	3	0	1	mappable	NA	NA	NA	NA	Inf	2.0198045204	0.27248513	Inf	58138908	58138963	58138974	58139069	NA	missing	3080712.2	NA	2.9664	NA	NA	NA	NA	NA	NA	NA	NA	NA	DUP
12	58139070	58139096	DUP	27	0	0	0	0	NA	mappable	NA	NA	NA	NA	Inf	0.9465954796	0.42061984	Inf	58139070	58139070	58139096	58139096	NA	missing	NA	NA	0	NA	NA	0	0	0	0	0	NA	0	HomoDel
12	58139097	58174089	INV	34993	507	57.2322462	507	19	134	mappable	0.957701874	NA	NA	0.64094916305	0.05263157895	16.1367045204	0.13249615	0.18512772	58139097	58139285	58174076	58174089	NA	missing	17922262	1755.01057	17.0833	NA	NA	NA	NA	NA	NA	NA	NA	NA	DUP
12	58174090	58179286	DEL	5197	69	60.6874247	60	0	22	mappable	NA	9	NA	0.63796245923	0.11111111111	17.0356045204	0.16202908	0.27314019	58174090	58174094	58179209	58179286	NA	missing	16542448.4	NA	18.1123437	NA	NA	NA	NA	NA	NA	NA	NA	NA	DUP
12	58179287	58179597	INV	311	1	60.2504464	1	0	0	mappable	NA	NA	NA	NA	Inf	17.0356045204	0.24152341	Inf	58179287	58179556	58179556	58179597	NA	missing	17768565.7	NA	17.9822	NA	NA	NA	NA	NA	NA	NA	NA	NA	DUP
12	58179598	58179906	INV	309	6	60.2504464	6	0	0	mappable	NA	NA	NA	NA	Inf	17.0356045204	0.24179519	Inf	58179598	58179654	58179818	58179906	NA	missing	17768565.7	NA	17.9822	NA	NA	NA	NA	NA	NA	NA	NA	NA	DUP
12	58179907	58186872	INV	6966	3	60.2504464	3	0	1	mappable	NA	NA	NA	NA	Inf	17.0356045204	0.15666474	Inf	58179907	58179927	58179966	58186872	NA	missing	17768565.7	NA	17.9822	NA	NA	NA	NA	NA	NA	NA	NA	NA	DUP
12	58186873	58208419	ITX	21547	273	57.0344801	272	8	71	mappable	0.952430314	NA	NA	0.63567760374	0.11111111111	16.0778045204	0.13893521	0.25004632	58186873	58190025	58208400	58208419	NA	missing	16864495.8	1642.83586	17.0244	NA	NA	NA	NA	NA	NA	NA	NA	NA	DUP
12	58208420	58229753	DEL	21334	300	56.1158244	297	14	81	mappable	0.954424178	NA	NA	0.63767146776	0.05882352941	15.8042045204	0.13907367	0.1978972	58208420	58208429	58229738	58229753	NA	missing	16769096	1639.9429	16.7508	NA	NA	NA	NA	NA	NA	NA	NA	NA	DUP
12	58229754	58240684	INV	10931	118	54.8677824	116	0	31	mappable	NA	NA	NA	0.6322342021	0.5	15.4325045204	0.1490742	0.6490742	58229754	58229785	58240583	58240684	NA	missing	17236952.3	NA	16.3791	NA	NA	NA	NA	NA	NA	NA	NA	NA	DUP
12	58240685	58242700	INV	2016	24	53.9276377	22	0	8	mappable	NA	NA	NA	0.62729507022	0.5	15.1525045204	0.1821945	0.6821945	58240685	58240751	58242684	58242700	NA	missing	17038624.3	NA	16.0991	NA	NA	NA	NA	NA	NA	NA	NA	NA	DUP
12	58242701	58242962	DEL	262	4	53.9276377	3	0	1	mappable	NA	NA	NA	0.64009860135	1	15.1525045204	0.24895988	1.24895988	58242701	58242709	58242849	58242962	NA	missing	17038624.3	NA	16.0991	NA	NA	NA	NA	NA	NA	NA	NA	NA	DUP
12	58242963	58299487	INV	56525	561	55.1296798	561	46	148	mappable	0.952223151	NA	NA	0.63547044075	0.02173913043	15.5105045204	0.12668971	0.14842884	58242963	58242999	58299367	58299487	1	2	16923698.6	1653.07054	16.4571	32.58198	0.9778826	0.95576513	1.219327081	53.9103527	54	1	54:1	55	DUP
12	58299488	58348714	INV	49227	658	60.6874247	650	0	197	mappable	NA	9	NA	0.63414207309	0.125	17.1374045204	0.12831072	0.25331072	58299488	58299524	58348704	58348714	NA	missing	16542448.4	NA	18.1123437	NA	NA	NA	NA	NA	NA	NA	NA	NA	DUP
12	58348715	58379015	INV	30301	288	62.0796994	288	2	72	mappable	0.958878717	NA	NA	0.64212600592	0.5	17.5804045204	0.1343447	0.6343447	58348715	58348770	58378795	58379015	NA	missing	15255171	1494.15149	18.527	NA	NA	NA	NA	NA	NA	NA	NA	NA	DUP
12	58379016	58439839	DUP	60824	742	53.597244	741	7	197	mappable	0.935635439	NA	NA	0.62515046676	0.125	15.0541045204	0.12584669	0.25084669	58379016	58379047	58439779	58439839	NA	missing	14364141.6	1395.10552	16.0007	NA	NA	NA	NA	NA	NA	NA	NA	NA	DUP
12	58439840	58496291	INV	56452	726	60.6874247	724	9	210	mappable	0.952477537	9	NA	0.6351502175	0.09090909091	17.2289045204	0.12670468	0.21761377	58439840	58439860	58496283	58496291	NA	missing	16542448.4	1619.3445	18.1123437	NA	NA	NA	NA	NA	NA	NA	NA	NA	DUP
12	58496292	58530000	DUP	33709	313	49.7607821	305	21	88	mappable	0.963993977	NA	NA	0.64890531039	0.03448275862	13.9115045204	0.13297124	0.167454	58496292	58496318	58529991	58530000	NA	missing	13170621.9	1293.97468	14.8581	NA	NA	NA	NA	NA	NA	NA	NA	NA	DUP
12	58530001	70118095	NA	11588095	157005	3.0451222	156442	7182	45669	mappable	0.313845455	3	self	0.0017027106	0.00012914891	0.0089954796	0.08522919	0.08535833	58530001	58530010	70118033	70118095	0.93599917	2	856752.9	56.2741	0.9449385	28.72682	0.6634047	0.32680931	1.024973965	2.0201483	2	1	2:1	3	TCNneutral
12	70118096	70148427	DUP	30332	389	64.0788499	387	19	111	mappable	0.953971044	NA	NA	0.63853272521	0.04761904762	18.1758045204	0.13433139	0.18195044	70118096	70118097	70148373	70148427	NA	missing	16158007.4	1580.18564	19.1224	NA	NA	NA	NA	NA	NA	NA	NA	NA	DUP
12	70148428	70154758	INV	6331	87	58.0726684	84	1	24	mappable	0.971779141	NA	NA	0.65220911054	0.25	16.3870045204	0.15837548	0.40837548	70148428	70148743	70154730	70154758	NA	missing	15685145.2	1546.38211	17.3336	NA	NA	NA	NA	NA	NA	NA	NA	NA	DUP
12	70154759	70156212	INV	1454	24	56.7514294	22	0	11	mappable	NA	NA	NA	0.61302705657	0.5	15.9935045204	0.19037082	0.69037082	70154759	70154759	70156108	70156212	NA	missing	15560231.7	NA	16.9401	NA	NA	NA	NA	NA	NA	NA	NA	NA	DUP
12	70156213	70156221	INV	9	0	0	0	0	NA	mappable	NA	NA	NA	NA	Inf	0.9465954796	0.63092975	Inf	70156213	70156213	70156221	70156221	NA	missing	NA	NA	0	NA	NA	0	0	0	0	0	NA	0	HomoDel
12	70156222	70173606	INV	17385	212	62.5615235	209	8	67	mappable	0.965297413	NA	NA	0.64274024445	0.09090909091	17.7239045204	0.14198943	0.23289852	70156222	70156249	70173596	70173606	NA	missing	16905132.5	1659.30289	18.6705	NA	NA	NA	NA	NA	NA	NA	NA	NA	DUP
12	70173607	70180330	DUP	6724	105	69.7976157	101	0	37	mappable	NA	NA	NA	0.64718252468	0.25	19.8790045204	0.15729325	0.40729325	70173607	70173638	70180137	70180330	NA	missing	18577467.6	NA	20.8256	NA	NA	NA	NA	NA	NA	NA	NA	NA	DUP
12	70180331	70182547	DUP	2217	42	70.2683595	41	0	18	mappable	NA	NA	NA	0.63546174161	1	20.0192045204	0.17994685	1.17994685	70180331	70180360	70182473	70182547	NA	missing	17630187.5	NA	20.9658	NA	NA	NA	NA	NA	NA	NA	NA	NA	DUP
12	70182548	70192139	CTX	9592	160	70.8183442	160	10	41	mappable	0.959322127	NA	NA	0.64256941616	0.1	20.1830045204	0.15119883	0.25119883	70182548	70182595	70192017	70192139	NA	missing	17634381.1	1728.79191	21.1296	NA	NA	NA	NA	NA	NA	NA	NA	NA	DUP
12	70192140	70194005	INV	1866	28	72.6465898	27	1	9	mappable	0.969882878	NA	NA	0.64398565867	0.5	20.7275045204	0.18406489	0.68406489	70192140	70192172	70193931	70194005	NA	missing	17648322	1738.25637	21.6741	NA	NA	NA	NA	NA	NA	NA	NA	NA	DUP
12	70194006	70195651	DEL	1646	33	72.6465898	31	0	11	mappable	NA	NA	NA	0.64651211706	0.5	20.7275045204	0.18718269	0.68718269	70194006	70194017	70195650	70195651	NA	missing	17648322	NA	21.6741	NA	NA	NA	NA	NA	NA	NA	NA	NA	DUP
12	70195652	70195695	DUP	44	3	72.6465898	3	0	0	mappable	NA	NA	NA	NA	Inf	20.7275045204	0.3663385	Inf	70195652	70195655	70195669	70195695	NA	missing	17648322	NA	21.6741	NA	NA	NA	NA	NA	NA	NA	NA	NA	DUP
12	70195696	70207742	INV	12047	175	66.7418097	168	9	47	mappable	0.960412595	NA	NA	0.64080390253	0.0625	18.9689045204	0.14753194	0.21003194	70195696	70195764	70207649	70207742	NA	missing	17691998.7	1733.4183	19.9155	NA	NA	NA	NA	NA	NA	NA	NA	NA	DUP
12	70207743	70221401	INV	13659	183	65.1851987	182	14	46	mappable	0.959464831	NA	NA	0.64148209322	0.06666666667	18.5053045204	0.14558622	0.21225288	70207743	70207784	70221394	70221401	NA	missing	16595597.8	1629.83742	19.4519	NA	NA	NA	NA	NA	NA	NA	NA	NA	DUP
12	70221402	70223617	INV	2216	27	39.2650741	27	0	8	mappable	NA	NA	NA	NA	Inf	10.7856045204	0.17995739	Inf	70221402	70221431	70223615	70223617	NA	missing	9906878.8	NA	11.7322	NA	NA	NA	NA	NA	NA	NA	NA	NA	DUP
12	70223618	70223771	DUP	154	2	39.2650741	2	0	2	mappable	NA	NA	NA	NA	Inf	10.7856045204	0.27522482	Inf	70223618	70223663	70223670	70223771	NA	missing	9906878.8	NA	11.7322	NA	NA	NA	NA	NA	NA	NA	NA	NA	DUP
12	70223772	70226538	ITX	2767	39	39.2650741	36	0	6	mappable	NA	NA	NA	0.64474753039	0.33333333333	10.7856045204	0.17491528	0.50824861	70223772	70223851	70226526	70226538	NA	missing	9906878.8	NA	11.7322	NA	NA	NA	NA	NA	NA	NA	NA	NA	DUP
12	70226539	70226539	INV	1	1	39.2650741	1	0	0	mappable	NA	NA	NA	NA	Inf	10.7856045204	Inf	Inf	70226539	70226539	70226539	70226539	NA	missing	9906878.8	NA	11.7322	NA	NA	NA	NA	NA	NA	NA	NA	NA	DUP
12	70226540	70230014	INV	3475	54	39.2650741	53	0	16	mappable	NA	NA	NA	0.1167527106	1	10.7856045204	0.17002758	1.17002758	70226540	70226544	70229903	70230014	NA	missing	9906878.8	NA	11.7322	NA	NA	NA	NA	NA	NA	NA	NA	NA	DUP
12	70230015	76516207	NA	6286193	86835	3.0451222	86570	3538	25759	mappable	0.317267391	3	self	0.0017027106	0.0002629503	0.0011045204	0.08855923	0.08882218	70230015	70230126	76516207	76516207	0.91922388	2	856752.9	56.2741	0.9449385	28.72682	0.6634047	0.32680931	1.024973965	2.0201483	2	1	2:1	3	TCNneutral
12	76516208	76521509	INV	5302	114	41.1953926	113	1	36	mappable	0.933333333	NA	NA	0.07150209218	0.5	11.3605045204	0.16165116	0.66165116	76516208	76516228	76521471	76521509	NA	missing	10331369.5	998.69905	12.3071	NA	NA	NA	NA	NA	NA	NA	NA	NA	DUP
12	76521510	76546440	INV	24931	415	60.6874247	415	11	127	mappable	0.959831444	9	NA	0.64307873378	0.09090909091	17.2058045204	0.13693328	0.22784237	76521510	76521564	76546417	76546440	NA	missing	16542448.4	1619.3445	18.1123437	NA	NA	NA	NA	NA	NA	NA	NA	NA	DUP
12	76546441	76547796	INV	1356	14	61.3779485	14	0	4	mappable	NA	NA	NA	NA	Inf	17.3714045204	0.19221267	Inf	76546441	76546480	76547653	76547796	NA	missing	16771071.2	NA	18.318	NA	NA	NA	NA	NA	NA	NA	NA	NA	DUP
12	76547797	76548703	INV	907	22	60.6874247	21	0	5	mappable	NA	9	NA	0.65114680091	1	17.3714045204	0.2035632	1.2035632	76547797	76547820	76548682	76548703	NA	missing	16542448.4	NA	18.1123437	NA	NA	NA	NA	NA	NA	NA	NA	NA	DUP
12	76548704	76584206	INV	35503	361	64.2346453	361	7	107	mappable	0.955618408	NA	NA	0.63886569787	0.14285714286	18.2222045204	0.13231317	0.27517031	76548704	76548916	76584199	76584206	NA	missing	17393844.5	1701.76049	19.1688	NA	NA	NA	NA	NA	NA	NA	NA	NA	DUP
12	76584207	76604152	DUP	19946	287	62.8717713	287	11	102	mappable	0.959349239	NA	NA	0.64259652817	0.09090909091	17.8163045204	0.14001865	0.23092774	76584207	76584305	76604041	76604152	NA	missing	16872697.1	1653.62328	18.7629	NA	NA	NA	NA	NA	NA	NA	NA	NA	DUP
12	76604153	76605776	INV	1624	31	67.2928016	27	0	4	mappable	NA	NA	NA	0.64485977636	0.25	19.1330045204	0.18752339	0.43752339	76604153	76604206	76605764	76605776	NA	missing	16951622.5	NA	20.0796	NA	NA	NA	NA	NA	NA	NA	NA	NA	DUP
12	76605777	76610317	DUP	4541	70	67.1662179	70	4	9	mappable	0.951410703	NA	NA	0.63465799267	0.25	19.0953045204	0.16462539	0.41462539	76605777	76605803	76610096	76610317	NA	missing	16932410.7	1653.02723	20.0419	NA	NA	NA	NA	NA	NA	NA	NA	NA	DUP
12	76610318	76621488	DEL	11171	179	62.7492167	179	14	44	mappable	0.958105525	NA	NA	0.64135281474	0.07142857143	17.7798045204	0.14872685	0.22015542	76610318	76610578	76621470	76621488	NA	missing	16247380.3	1593.68745	18.7264	NA	NA	NA	NA	NA	NA	NA	NA	NA	DUP
12	76621489	76621523	CTX	35	1	61.9464003	0	0	0	mappable	NA	NA	NA	0.63147961263	1	17.5407045204	0.38991804	1.38991804	76621489	76621493	76621493	76621523	NA	missing	NA	NA	18.4873	NA	NA	NA	NA	NA	NA	NA	NA	NA	DUP
12	76621524	76621935	DEL	412	10	61.9464003	9	0	3	mappable	NA	NA	NA	0.63157747214	1	17.5407045204	0.23024232	1.23024232	76621524	76621570	76621920	76621935	NA	missing	16031492.2	NA	18.4873	NA	NA	NA	NA	NA	NA	NA	NA	NA	DUP
12	76621936	76658964	CTX	37029	614	59.5235131	613	88	145	mappable	0.953074593	NA	NA	0.63632188265	0.01123595506	16.8191045204	0.13178384	0.14301979	76621936	76621967	76658964	76658964	1	2	15795737.7	1543.37707	17.7657	28.1704	0.9781077	0.95621542	1.303106011	58.2204071	58	sub	58:sub	sub	DUP
12	76658965	76668462	DUP	9498	167	60.6874247	136	0	38	mappable	NA	9	NA	0.64442594099	0.03225806452	16.9300045204	0.1513614	0.18361947	76658965	76659044	76668364	76668462	NA	missing	16542448.4	NA	18.1123437	NA	NA	NA	NA	NA	NA	NA	NA	NA	DUP
12	76668463	76669043	DEL	581	8	59.862301	8	0	1	mappable	NA	NA	NA	NA	Inf	16.9200045204	0.21780811	Inf	76668463	76668509	76669039	76669043	NA	missing	16312648.9	NA	17.8666	NA	NA	NA	NA	NA	NA	NA	NA	NA	DUP
12	76669044	76672104	INV	3061	52	57.1640857	49	0	13	mappable	NA	NA	NA	0.62624301625	0.33333333333	16.1164045204	0.17271474	0.50604808	76669044	76669053	76672059	76672104	NA	missing	15897792.5	NA	17.063	NA	NA	NA	NA	NA	NA	NA	NA	NA	DUP
12	76672105	76672326	ITX	222	8	56.1698827	8	0	3	mappable	NA	NA	NA	NA	Inf	15.8203045204	0.25659396	Inf	76672105	76672140	76672318	76672326	NA	missing	15747983.3	NA	16.7669	NA	NA	NA	NA	NA	NA	NA	NA	NA	DUP
12	76672327	76694174	DEL	21848	230	54.6898264	230	32	62	mappable	0.956292284	NA	NA	0.63953957359	0.03125	15.3795045204	0.13874231	0.16999231	76672327	76672339	76694145	76694174	1	2	15382815.8	1505.06781	16.3261	29.85306	0.9795252	0.95905049	1.11976076	53.5700656	sub	1	sub:1	sub	DUP
12	76694175	76720685	DUP	26511	253	52.9579456	250	1	76	mappable	0.961152043	NA	NA	0.36079830165	0.25	14.8637045204	0.13610717	0.38610717	76694175	76694251	76720683	76720685	NA	missing	15245822.2	1494.96877	15.8103	NA	NA	NA	NA	NA	NA	NA	NA	NA	DUP
12	76720686	76721216	INV	531	8	62.225086	8	0	2	mappable	NA	NA	NA	NA	Inf	17.6237045204	0.22093178	Inf	76720686	76720734	76720953	76721216	NA	missing	16127604.4	NA	18.5703	NA	NA	NA	NA	NA	NA	NA	NA	NA	DUP
12	76721217	76722434	INV	1218	15	62.225086	15	0	6	mappable	NA	NA	NA	NA	Inf	17.6237045204	0.19511627	Inf	76721217	76721367	76722293	76722434	NA	missing	16127604.4	NA	18.5703	NA	NA	NA	NA	NA	NA	NA	NA	NA	DUP
12	76722435	76725849	DUP	3415	44	62.225086	44	0	11	mappable	NA	NA	NA	NA	Inf	17.6237045204	0.17039157	Inf	76722435	76722572	76725809	76725849	NA	missing	16127604.4	NA	18.5703	NA	NA	NA	NA	NA	NA	NA	NA	NA	DUP
12	76725850	76727390	DEL	1541	21	62.225086	21	0	6	mappable	NA	NA	NA	NA	Inf	17.6237045204	0.18886363	Inf	76725850	76725894	76727376	76727390	NA	missing	16127604.4	NA	18.5703	NA	NA	NA	NA	NA	NA	NA	NA	NA	DUP
12	76727391	76735696	CTX	8306	111	62.3493194	111	0	25	mappable	NA	NA	NA	NA	Inf	17.6607045204	0.15361056	Inf	76727391	76727399	76735616	76735696	NA	missing	15858737.4	NA	18.6073	NA	NA	NA	NA	NA	NA	NA	NA	NA	DUP
12	76735697	76747199	CTX	11503	160	64.4290538	160	0	47	mappable	NA	NA	NA	NA	Inf	18.2801045204	0.14826102	Inf	76735697	76735830	76747099	76747199	NA	missing	16426413.1	NA	19.2267	NA	NA	NA	NA	NA	NA	NA	NA	NA	DUP
12	76747200	76749397	INV	2198	17	65.4031108	17	0	5	mappable	NA	NA	NA	NA	Inf	18.5702045204	0.18014812	Inf	76747200	76747431	76749386	76749397	NA	missing	16759355.7	NA	19.5168	NA	NA	NA	NA	NA	NA	NA	NA	NA	DUP
12	76749398	76761941	ITX	12544	30	68.0089904	30	0	12	mappable	NA	NA	NA	NA	Inf	19.3463045204	0.14689994	Inf	76749398	76749517	76761924	76761941	NA	missing	16158718.7	NA	20.2929	NA	NA	NA	NA	NA	NA	NA	NA	NA	DUP
12	76761942	76762014	CTX	73	0	0	0	0	NA	mappable	NA	NA	NA	NA	Inf	0.9465954796	0.32311093	Inf	76761942	76761942	76762014	76762014	NA	missing	NA	NA	0	NA	NA	0	0	0	0	0	NA	0	HomoDel
12	76762015	76762664	CTX	650	4	68.409895	4	0	0	mappable	NA	NA	NA	NA	Inf	19.4657045204	0.21403432	Inf	76762015	76762170	76762563	76762664	NA	missing	16066313	NA	20.4123	NA	NA	NA	NA	NA	NA	NA	NA	NA	DUP
12	76762665	76809995	ITX	47331	597	69.0921714	597	0	209	mappable	NA	NA	NA	NA	Inf	19.6689045204	0.12877887	Inf	76762665	76762666	76809852	76809995	NA	missing	16261023.6	NA	20.6155	NA	NA	NA	NA	NA	NA	NA	NA	NA	DUP
12	76809996	76811093	DUP	1098	14	62.2683998	14	0	6	mappable	NA	NA	NA	NA	Inf	17.6366045204	0.19800682	Inf	76809996	76810061	76811024	76811093	NA	missing	15353970	NA	18.5832	NA	NA	NA	NA	NA	NA	NA	NA	NA	DUP
12	76811094	76813173	DEL	2080	25	62.2683998	25	0	8	mappable	NA	NA	NA	NA	Inf	17.6366045204	0.18144922	Inf	76811094	76811345	76813134	76813173	NA	missing	15353970	NA	18.5832	NA	NA	NA	NA	NA	NA	NA	NA	NA	DUP
12	76813174	76830081	DEL	16908	207	65.900716	207	0	74	mappable	NA	NA	NA	NA	Inf	18.7184045204	0.14239519	Inf	76813174	76813204	76829951	76830081	NA	missing	15558897.4	NA	19.665	NA	NA	NA	NA	NA	NA	NA	NA	NA	DUP
12	76830082	76831548	INV	1467	18	69.2516602	18	0	6	mappable	NA	NA	NA	NA	Inf	19.7164045204	0.19013841	Inf	76830082	76830183	76831401	76831548	NA	missing	16830918.8	NA	20.663	NA	NA	NA	NA	NA	NA	NA	NA	NA	DUP
12	76831549	76831556	INV	8	0	0	0	0	NA	mappable	NA	NA	NA	NA	Inf	0.9465954796	0.66666667	Inf	76831549	76831549	76831556	76831556	NA	missing	NA	NA	0	NA	NA	0	0	0	0	0	NA	0	HomoDel
12	76831557	76850162	DEL	18606	242	71.0772197	242	0	73	mappable	NA	NA	NA	NA	Inf	20.2601045204	0.14100911	Inf	76831557	76831559	76850090	76850162	NA	missing	17010987.3	NA	21.2067	NA	NA	NA	NA	NA	NA	NA	NA	NA	DUP
12	76850163	76854120	INV	3958	55	70.4768702	55	0	19	mappable	NA	NA	NA	NA	Inf	20.0813045204	0.16735623	Inf	76850163	76850187	76853936	76854120	NA	missing	17111335.6	NA	21.0279	NA	NA	NA	NA	NA	NA	NA	NA	NA	DUP
12	76854121	76859312	INV	5192	77	70.4768702	77	0	23	mappable	NA	NA	NA	NA	Inf	20.0813045204	0.16204731	Inf	76854121	76854145	76859295	76859312	NA	missing	17111335.6	NA	21.0279	NA	NA	NA	NA	NA	NA	NA	NA	NA	DUP
12	76859313	76860447	INV	1135	8	69.236215	8	0	5	mappable	NA	NA	NA	NA	Inf	19.7118045204	0.19707391	Inf	76859313	76859425	76860210	76860447	NA	missing	17113183.2	NA	20.6584	NA	NA	NA	NA	NA	NA	NA	NA	NA	DUP
12	76860448	76863236	DEL	2789	39	65.5145851	39	0	16	mappable	NA	NA	NA	NA	Inf	18.6034045204	0.17474067	Inf	76860448	76860504	76863197	76863236	NA	missing	17118726.2	NA	19.55	NA	NA	NA	NA	NA	NA	NA	NA	NA	DUP
12	76863237	76866306	INV	3070	41	65.5145851	41	0	9	mappable	NA	NA	NA	NA	Inf	18.6034045204	0.17265159	Inf	76863237	76863245	76866254	76866306	NA	missing	17118726.2	NA	19.55	NA	NA	NA	NA	NA	NA	NA	NA	NA	DUP
12	76866307	76878753	DUP	12447	170	69.5091927	170	0	57	mappable	NA	NA	NA	NA	Inf	19.7931045204	0.14702087	Inf	76866307	76866381	76878722	76878753	NA	missing	17112633.7	NA	20.7397	NA	NA	NA	NA	NA	NA	NA	NA	NA	DUP
12	76878754	76878773	INV	20	0	0	0	0	NA	mappable	NA	NA	NA	NA	Inf	0.9465954796	0.46275643	Inf	76878754	76878754	76878773	76878773	NA	missing	NA	NA	0	NA	NA	0	0	0	0	0	NA	0	HomoDel
12	76878774	76880158	DUP	1385	22	70.8126361	22	0	4	mappable	NA	NA	NA	NA	Inf	20.1813045204	0.19165036	Inf	76878774	76878796	76880144	76880158	NA	missing	17138654.4	NA	21.1279	NA	NA	NA	NA	NA	NA	NA	NA	NA	DUP
12	76880159	76882053	DEL	1895	19	68.12718	19	0	7	mappable	NA	NA	NA	NA	Inf	19.3815045204	0.18368877	Inf	76880159	76880201	76881940	76882053	NA	missing	17422831	NA	20.3281	NA	NA	NA	NA	NA	NA	NA	NA	NA	DUP
12	76882054	76882066	DEL	13	0	0	0	0	NA	mappable	NA	NA	NA	NA	Inf	0.9465954796	0.54047631	Inf	76882054	76882054	76882066	76882066	NA	missing	NA	NA	0	NA	NA	0	0	0	0	0	NA	0	HomoDel
12	76882067	76882083	DUP	17	0	0	0	0	NA	mappable	NA	NA	NA	NA	Inf	0.9465954796	0.48930108	Inf	76882067	76882067	76882083	76882083	NA	missing	NA	NA	0	NA	NA	0	0	0	0	0	NA	0	HomoDel
12	76882084	76882206	DUP	123	1	68.12718	1	0	0	mappable	NA	NA	NA	NA	Inf	19.3815045204	0.28808006	Inf	76882084	76882161	76882161	76882206	NA	missing	17422831	NA	20.3281	NA	NA	NA	NA	NA	NA	NA	NA	NA	DUP
12	76882207	76882295	DUP	89	1	68.12718	1	0	0	mappable	NA	NA	NA	NA	Inf	19.3815045204	0.30884533	Inf	76882207	76882269	76882269	76882295	NA	missing	17422831	NA	20.3281	NA	NA	NA	NA	NA	NA	NA	NA	NA	DUP
12	76882296	76882312	DUP	17	0	0	0	0	NA	mappable	NA	NA	NA	NA	Inf	0.9465954796	0.48930108	Inf	76882296	76882296	76882312	76882312	NA	missing	NA	NA	0	NA	NA	0	0	0	0	0	NA	0	HomoDel
12	76882313	76882333	DUP	21	0	0	0	0	NA	mappable	NA	NA	NA	NA	Inf	0.9465954796	0.4553405	Inf	76882313	76882313	76882333	76882333	NA	missing	NA	NA	0	NA	NA	0	0	0	0	0	NA	0	HomoDel
12	76882334	76882337	CTX	4	0	0	0	0	NA	mappable	NA	NA	NA	NA	Inf	0.9465954796	1	Inf	76882334	76882334	76882337	76882337	NA	missing	NA	NA	0	NA	NA	0	0	0	0	0	NA	0	HomoDel
12	76882338	76882817	INV	480	6	68.12718	6	0	2	mappable	NA	NA	NA	NA	Inf	19.3815045204	0.22454525	Inf	76882338	76882537	76882740	76882817	NA	missing	17422831	NA	20.3281	NA	NA	NA	NA	NA	NA	NA	NA	NA	DUP
12	76882818	76883044	DUP	227	3	68.12718	3	0	1	mappable	NA	NA	NA	NA	Inf	19.3815045204	0.25554049	Inf	76882818	76882832	76882852	76883044	NA	missing	17422831	NA	20.3281	NA	NA	NA	NA	NA	NA	NA	NA	NA	DUP
12	76883045	76883300	DEL	256	3	68.12718	3	0	1	mappable	NA	NA	NA	NA	Inf	19.3815045204	0.25	Inf	76883045	76883050	76883264	76883300	NA	missing	17422831	NA	20.3281	NA	NA	NA	NA	NA	NA	NA	NA	NA	DUP
12	76883301	76883863	DUP	563	8	68.12718	8	0	2	mappable	NA	NA	NA	NA	Inf	19.3815045204	0.21889044	Inf	76883301	76883370	76883815	76883863	NA	missing	17422831	NA	20.3281	NA	NA	NA	NA	NA	NA	NA	NA	NA	DUP
12	76883864	76883870	DEL	7	0	0	0	0	NA	mappable	NA	NA	NA	NA	Inf	0.9465954796	0.71241437	Inf	76883864	76883864	76883870	76883870	NA	missing	NA	NA	0	NA	NA	0	0	0	0	0	NA	0	HomoDel
12	76883871	76886028	INV	2158	33	68.12718	33	0	9	mappable	NA	NA	NA	NA	Inf	19.3815045204	0.18057909	Inf	76883871	76884070	76886005	76886028	NA	missing	17422831	NA	20.3281	NA	NA	NA	NA	NA	NA	NA	NA	NA	DUP
12	76886029	76886152	ITX	124	1	68.12718	1	0	1	mappable	NA	NA	NA	NA	Inf	19.3815045204	0.28759614	Inf	76886029	76886129	76886129	76886152	NA	missing	17422831	NA	20.3281	NA	NA	NA	NA	NA	NA	NA	NA	NA	DUP
12	76886153	76887321	DUP	1169	18	68.12718	18	0	6	mappable	NA	NA	NA	NA	Inf	19.3815045204	0.19625045	Inf	76886153	76886164	76887183	76887321	NA	missing	17422831	NA	20.3281	NA	NA	NA	NA	NA	NA	NA	NA	NA	DUP
12	76887322	76889138	INV	1817	18	68.12718	18	0	6	mappable	NA	NA	NA	NA	Inf	19.3815045204	0.18471753	Inf	76887322	76887324	76889073	76889138	NA	missing	17422831	NA	20.3281	NA	NA	NA	NA	NA	NA	NA	NA	NA	DUP
12	76889139	76890029	DUP	891	10	68.12718	10	0	3	mappable	NA	NA	NA	NA	Inf	19.3815045204	0.20409659	Inf	76889139	76889147	76889950	76890029	NA	missing	17422831	NA	20.3281	NA	NA	NA	NA	NA	NA	NA	NA	NA	DUP
12	76890030	76890672	CTX	643	11	62.0078454	11	0	4	mappable	NA	NA	NA	NA	Inf	17.5590045204	0.21439272	Inf	76890030	76890057	76890611	76890672	NA	missing	16306085.7	NA	18.5056	NA	NA	NA	NA	NA	NA	NA	NA	NA	DUP
12	76890673	76902221	DEL	11549	157	61.8718602	157	0	45	mappable	NA	NA	NA	NA	Inf	17.5185045204	0.14819776	Inf	76890673	76890673	76902160	76902221	NA	missing	16318415.7	NA	18.4651	NA	NA	NA	NA	NA	NA	NA	NA	NA	DUP
12	76902222	76925009	CTX	22788	354	60.5925919	354	0	115	mappable	NA	NA	NA	NA	Inf	17.1375045204	0.13815984	Inf	76902222	76902277	76924919	76925009	NA	missing	15706185.9	NA	18.0841	NA	NA	NA	NA	NA	NA	NA	NA	NA	DUP
12	76925010	76930540	DEL	5531	68	48.5664626	68	0	25	mappable	NA	NA	NA	NA	Inf	13.5558045204	0.16085802	Inf	76925010	76925020	76930516	76930540	NA	missing	12041958.1	NA	14.5024	NA	NA	NA	NA	NA	NA	NA	NA	NA	DUP
12	76930541	76937326	DEL	6786	88	44.160206	88	0	29	mappable	NA	NA	NA	NA	Inf	12.2435045204	0.15712961	Inf	76930541	76930653	76937299	76937326	NA	missing	10969368.8	NA	13.1901	NA	NA	NA	NA	NA	NA	NA	NA	NA	DUP
12	76937327	80464976	DUP	3527650	48504	3.0451222	48340	2003	14445	mappable	0.308544444	3	NA	0.0085527106	0.00046146747	0.0191045204	0.09195286	0.09241432	76937327	76937331	80464958	80464976	0.93761161	2	856752.9	56.2741	0.9449385	28.72682	0.6634047	0.32680931	1.024973965	2.0201483	2	1	2:1	3	TCNneutral
12	80464977	80850030	INV	385054	4820	4.0116051	4795	320	1393	mappable	0.477714424	7	NA	0.16043993646	0.00289855072	0.2665045204	0.10778939	0.11068794	80464977	80465117	80839968	80860092	0.97814943	2	1077292.1	79.3354	1.2327827	27.68742	0.7439574	0.48791486	1.027141676	2.9844634	3	1	3:1	4	DUP
12	80850030	81100040	NA	250011	3176	5.1591265	3163	174	979	mappable	0.576444439	15	NA	0.25873867019	0.00534759358	0.5495045204	0.11153474	0.11688234	80839968	80860092	81099994	81100086	0.96551863	2	1501428.7	118.53502	1.574545	30.21239	0.7966446	0.59328914	1.049136393	4.1099901	4	1	4:1	5	DUP
12	81100040	81104974	NA	4935	68	4.0116051	67	0	18	mappable	NA	7	NA	0.22991395607	1	0.2271045204	0.16301467	1.16301467	81099994	81100086	81104973	81104974	NA	missing	1077292.1	NA	1.2327827	NA	NA	NA	NA	NA	NA	NA	NA	NA	DUP
12	81104975	81105202	INV	228	1	3.8132255	1	0	0	mappable	NA	NA	NA	NA	Inf	0.2271045204	0.2553336	Inf	81104975	81105153	81105153	81105202	NA	missing	1119769	NA	1.1737	NA	NA	NA	NA	NA	NA	NA	NA	NA	DUP
12	81105203	88789956	INV	7684754	103572	2.9489854	103180	5012	30931	mappable	0.320160632	14	NA	0.00340792158	0.00018504811	0.0187954796	0.08743717	0.08762222	81105203	81105303	88789888	88789956	0.93908038	2	820323.4	53.78435	0.9163064	28.36481	0.662386	0.32477195	0.995618822	1.9533666	2	1	2:1	3	TCNneutral
12	88789957	88890025	NA	100069	922	3.5346888	922	6	281	mappable	0.486079421	11	NA	0.16932671032	0.16666666667	0.0961954796	0.12040478	0.28707145	88789957	88790025	88889991	88890059	NA	missing	987272.5	69.91864	1.0907444	NA	NA	NA	NA	NA	NA	NA	NA	NA	NA
12	88890025	98975749	NA	10085725	140494	3.0451222	139855	7722	39930	mappable	0.311625	3	self	0.0017027106	0.00011960292	0.0028045204	0.08596305	0.08608265	88889991	88890059	98975590	98975749	0.93091303	2	856752.9	56.2741	0.9449385	28.72682	0.6634047	0.32680931	1.024973965	2.0201483	2	1	2:1	3	TCNneutral
12	98975750	98986596	DUP	10847	156	3.5346888	156	11	37	mappable	0.501812051	11	identical	0.18505934028	0.09090909091	0.1230045204	0.14919797	0.24010706	98975750	98975763	98986567	98986596	NA	missing	987272.5	69.91864	1.0907444	NA	NA	NA	NA	NA	NA	NA	NA	NA	NA
12	98986597	99857741	DUP	871145	11500	3.0451222	11464	614	3210	mappable	0.316512719	3	self	0.00050781572	0.00153846154	0.0106954796	0.10135536	0.10289382	98986597	98986678	99849957	99857741	0.95451176	2	856752.9	56.2741	0.9449385	28.72682	0.6634047	0.32680931	1.024973965	2.0201483	2	1	2:1	3	TCNneutral
12	99857742	100179310	DEL	321569	4621	5.1591265	4620	15	1438	mappable	0.5323286	15	NA	0.21641633702	0.0625	0.5727045204	0.10932087	0.17182087	99857742	99860008	100179264	100179310	NA	missing	1501428.7	118.53502	1.574545	NA	NA	NA	NA	NA	NA	NA	NA	NA	DUP
12	100179311	100179997	DUP	687	10	5.3590919	10	0	2	mappable	NA	NA	NA	NA	Inf	0.6875045204	0.21222036	Inf	100179311	100179315	100179952	100179997	NA	missing	1375730	NA	1.6341	NA	NA	NA	NA	NA	NA	NA	NA	NA	DUP
12	100179998	102620055	NA	2440060	32990	3.0451222	32912	1260	9759	mappable	0.30135	3	NA	0.01715810973	0.00074738416	0.0036402585	0.09425744	0.09500482	100179998	100180043	102619968	102620055	0.95218518	2	856752.9	56.2741	0.9449385	28.72682	0.6634047	0.32680931	1.024973965	2.0201483	2	1	2:1	3	TCNneutral
12	102620056	104309925	NA	1689871	24155	2.9489854	24040	1179	6848	mappable	0.320245886	14	NA	0.00199376761	0.00077279753	0.021989928	0.09667215	0.09744495	102620056	102620143	104309760	104309925	0.93847271	2	820323.4	53.78435	0.9163064	28.36481	0.662386	0.32477195	0.995618822	1.9533666	2	1	2:1	3	TCNneutral
12	104309926	104340029	NA	30104	416	3.5346888	416	12	131	mappable	0.394378383	11	NA	0.07762567286	0.08333333333	0.0991045204	0.13442967	0.21776301	104309926	104310091	104339978	104340080	NA	missing	987272.5	69.91864	1.0907444	NA	NA	NA	NA	NA	NA	NA	NA	NA	NA
12	104340029	133819926	NA	29479899	413294	3.0451222	411070	21867	110214	mappable	0.31505	3	edge	0.0006342564	4.151272e-05	0.0096714567	0.08060217	0.08064368	104339978	104340080	133819926	133819926	0.91684795	2	856752.9	56.2741	0.9449385	28.72682	0.6634047	0.32680931	1.024973965	2.0201483	2	1	2:1	3	TCNneutral
9	200101	7039954	NA	6839854	130211	1.9801189	129843	7025	37552	mappable	0.0753	10	edge	0.2414527106	0.00013526309	0.3299954796	0.08808425	0.08821952	200101	200101	7039896	7040012	0.14248336	1	549576.1	28.46344	0.6277523	NA	NA	0	0.990059473	0.9900595	1	1	1:1	2	DEL
9	7039954	7050010	NA	10057	200	1.7345253	190	0	55	mappable	NA	5	NA	0.22940859295	0.1	0.4115954796	0.15042217	0.25042217	7039896	7040012	7049948	7050072	NA	missing	472666.3	NA	0.554608	NA	NA	NA	NA	NA	NA	NA	NA	NA	DEL
9	7050010	7715011	NA	665002	14716	1.9801189	14676	778	4274	mappable	0.0713	10	NA	0.2454527106	0.00122249389	0.3336954796	0.10339658	0.10461908	7049948	7050072	7709993	7715011	0.13337887	1	549576.1	28.46344	0.6277523	NA	NA	0	0.990059473	0.9900595	1	1	1:1	2	DEL
9	7715012	7740001	NA	24990	475	1.7345253	475	6	144	mappable	0.067342857	5	NA	0.24940985346	0.16666666667	0.3835954796	0.13690132	0.30356798	7715012	7720030	7739971	7740001	NA	missing	472666.3	25.11583	0.554608	NA	NA	NA	NA	NA	NA	NA	NA	NA	DEL
9	7740002	8271477	NA	531476	9724	1.9801189	9698	525	2783	mappable	0.07255	10	NA	0.2442027106	0.00181488203	0.3286954796	0.10515443	0.10696932	7740002	7740032	8271465	8271477	0.18368285	1	549576.1	28.46344	0.6277523	NA	NA	0	0.990059473	0.9900595	1	1	1:1	2	DEL
9	8271478	8271655	ITX	178	2	1.7345253	1	0	1	mappable	NA	5	NA	0.1167527106	1	0.5540954796	0.26753228	1.26753228	8271478	8271510	8271518	8271655	NA	missing	472666.3	NA	0.554608	NA	NA	NA	NA	NA	NA	NA	NA	NA	DEL
9	8271656	8372609	DEL	100954	2470	0.996695	2464	2	762	mappable	0.837728195	6	NA	0.50373741545	0.125	0.6146954796	0.12031278	0.24531278	8271656	8271702	8372565	8372609	NA	missing	288204.8	27.01229	0.3348626	NA	NA	NA	NA	NA	NA	NA	NA	NA	DEL
9	8372610	8391917	DUP	19308	434	1.7345253	433	34	110	mappable	0.116559615	5	NA	0.21282386445	0.02857142857	0.3587954796	0.14047991	0.16905134	8372610	8372671	8391778	8391917	0.2877151	1	472666.3	25.11583	0.554608	NA	NA	0	0.867262643	0.8672626	1	1	1:1	2	DEL
9	8391918	8407789	DEL	15872	308	2.9489854	308	29	81	mappable	0.297073184	14	NA	0.01967952682	0.03448275862	0.0902954796	0.14332606	0.17780882	8391918	8391941	8407769	8407789	NA	missing	820323.4	53.78435	0.9163064	NA	NA	NA	NA	NA	NA	NA	NA	NA	TCNneutral
9	8407790	9210000	DUP	802211	17288	1.9801189	17254	838	5174	mappable	0.071598913	10	NA	0.24387988451	0.00114678899	0.3067954796	0.10196995	0.10311674	8407790	8407848	9209973	9210000	0.12749849	1	549576.1	28.46344	0.6277523	NA	NA	0	0.990059473	0.9900595	1	1	1:1	2	DEL
9	9210001	9311267	NA	101267	2000	1.7345253	2000	130	620	mappable	0.081475	5	NA	0.2352777106	0.00769230769	0.3829954796	0.12028046	0.12797277	9210001	9210028	9311241	9311267	0.14763992	1	472666.3	25.11583	0.554608	NA	NA	0	0.867262643	0.8672626	1	1	1:1	2	DEL
9	9311268	9398642	NA	87375	1908	1.9801189	1898	117	577	mappable	0.073035784	10	NA	0.24620985346	0.00787401575	0.3202954796	0.12184028	0.12971429	9311268	9311294	9398622	9398642	0.18291168	1	549576.1	28.46344	0.6277523	NA	NA	0	0.990059473	0.9900595	1	1	1:1	2	DEL
9	9398643	13880007	CTX	4481365	87584	2.9489854	87299	4961	25825	mappable	0.321295918	14	NA	0.0017222894	0.00019062143	0.0229954796	0.09051614	0.09070676	9398643	9398664	13879957	13880007	0.93917936	2	820323.4	53.78435	0.9163064	28.36481	0.662386	0.32477195	0.995618822	1.9533666	2	1	2:1	3	TCNneutral
9	13880008	13909994	NA	29987	593	2.5139019	590	42	168	mappable	0.247931184	13	NA	0.07105923457	0.02222222222	0.1107954796	0.13448046	0.15670268	13880008	13880058	13909967	13910021	0.96026209	2	694145.2	41.13521	0.786727	27.95514	0.5973049	0.19460986	1.012335887	1.501566	sub	1	sub:1	sub	NA
9	13909994	24640004	NA	10730011	179266	2.9489854	178760	8569	52106	mappable	0.315474419	14	NA	0.00183094014	0.00011019284	0.0260438675	0.08563422	0.08574442	13909967	13910021	24639980	24640004	0.90490019	2	820323.4	53.78435	0.9163064	28.36481	0.662386	0.32477195	0.995618822	1.9533666	2	1	2:1	3	TCNneutral
9	24640005	26019979	NA	1379975	24541	3.0451222	24502	664	7411	mappable	0.315098913	3	self	0.00165379756	0.00142247511	0.0153954796	0.09805743	0.0994799	24640005	24640029	26019929	26019979	0.89293672	2	856752.9	56.2741	0.9449385	28.72682	0.6634047	0.32680931	1.024973965	2.0201483	2	1	2:1	3	TCNneutral
9	26019980	28389908	NA	2369930	39000	2.9489854	38944	1255	11551	mappable	0.334211538	14	NA	0.01581291102	0.00076277651	0.0328381873	0.0944447	0.09520748	26019980	26020030	28389803	28390013	0.94308885	2	820323.4	53.78435	0.9163064	28.36481	0.662386	0.32477195	0.995618822	1.9533666	2	1	2:1	3	TCNneutral
9	28389908	28399948	NA	10041	184	3.4109779	184	0	59	mappable	NA	NA	NA	NA	Inf	0.1073045204	0.15044816	Inf	28389803	28390013	28399853	28400043	NA	missing	834900	NA	1.0539	NA	NA	NA	NA	NA	NA	NA	NA	NA	NA
9	28399948	30367365	NA	1967418	32023	3.0451222	31927	1434	9626	mappable	0.331157353	3	NA	0.0119972894	0.00065359477	0.0091954796	0.09565775	0.09631134	28399853	28400043	30367347	30367365	0.94998395	2	856752.9	56.2741	0.9449385	28.72682	0.6634047	0.32680931	1.024973965	2.0201483	2	1	2:1	3	TCNneutral
9	30367366	30368909	DEL	1544	17	2.9261318	17	0	2	mappable	NA	NA	NA	NA	Inf	0.0370954796	0.18881361	Inf	30367366	30367372	30368891	30368909	NA	missing	670294	NA	0.9095	NA	NA	NA	NA	NA	NA	NA	NA	NA	TCNneutral
9	30368910	38769828	DEL	8400921	103164	3.0451222	102763	5233	28599	mappable	0.318475	3	NA	0.00080047414	0.00017749379	0.0109641962	0.08694852	0.08712602	30368910	30368994	38769828	38769828	0.92272034	2	856752.9	56.2741	0.9449385	28.72682	0.6634047	0.32680931	1.024973965	2.0201483	2	1	2:1	3	TCNneutral
9	66840048	66849972	NA	9925	540	2.5139019	503	0	280	mappable	NA	13	NA	0.26363304976	0.02702702703	0.1297954796	0.15063813	0.17766515	66840048	66840048	66849972	66849972	NA	missing	694145.2	NA	0.786727	NA	NA	NA	NA	NA	NA	NA	NA	NA	NA
9	68410004	68419976	NA	9973	1130	2.5139019	1030	0	356	mappable	NA	13	NA	0.11328485346	0.01	0.0004045204	0.15055919	0.16055919	68410004	68410004	68419976	68419976	NA	missing	694145.2	NA	0.786727	NA	NA	NA	NA	NA	NA	NA	NA	NA	NA
9	71030093	81959987	NA	10929895	152788	3.0451222	152211	8726	43729	mappable	0.319225	3	self	0.00498745436	0.00010749221	0.0154987083	0.0855367	0.08564419	71030093	71030093	81959940	81960034	0.92341334	2	856752.9	56.2741	0.9449385	28.72682	0.6634047	0.32680931	1.024973965	2.0201483	2	1	2:1	3	TCNneutral
9	81959987	90819074	NA	8859088	118476	2.9489854	118002	5910	33695	mappable	0.320144231	14	NA	0.0051472894	0.0001566416	0.0225954796	0.08665989	0.08681653	81959940	81960034	90819059	90819074	0.93838974	2	820323.4	53.78435	0.9163064	28.36481	0.662386	0.32477195	0.995618822	1.9533666	2	1	2:1	3	TCNneutral
9	90819075	90851222	DEL	32148	348	1.9801189	346	46	81	mappable	0.061365984	10	NA	0.25290968734	0.02083333333	0.3261954796	0.13357875	0.15441208	90819075	90819101	90849969	90851222	0.1887817	1	549576.1	28.46344	0.6277523	NA	NA	0	0.990059473	0.9900595	1	1	1:1	2	DEL
9	90851223	115419983	DEL	24568764	334598	3.0451222	333475	16856	94449	mappable	0.3219	3	self	0.00557726267	5.562045e-05	0.0027616265	0.08146533	0.08152095	90851223	90860010	115419966	115420000	0.93540193	2	856752.9	56.2741	0.9449385	28.72682	0.6634047	0.32680931	1.024973965	2.0201483	2	1	2:1	3	TCNneutral
9	115419983	122270072	NA	6850090	99812	2.9489854	99435	4695	28374	mappable	0.318601923	14	NA	0.0017222894	0.00019716088	0.0269954796	0.08807588	0.08827304	115419966	115420000	122269986	122270158	0.9383874	2	820323.4	53.78435	0.9163064	28.36481	0.662386	0.32477195	0.995618822	1.9533666	2	1	2:1	3	TCNneutral
9	122270072	122299978	NA	29907	573	3.5346888	571	58	148	mappable	0.500416951	11	NA	0.18714609892	0.01666666667	0.1095954796	0.13451531	0.15118198	122269986	122270158	122299904	122299978	0.90037744	2	987272.5	69.91864	1.0907444	28.67804	0.7157194	0.43143882	1.004843413	2.5298454	sub	1	sub:1	sub	NA
9	122299979	141019791	NA	18719817	255584	3.0451222	254105	10758	66550	mappable	0.318671875	3	edge	0.00216375837	8.172605e-05	0.0075461724	0.08278809	0.08286982	122299979	122300053	141019791	141019791	0.92193539	2	856752.9	56.2741	0.9449385	28.72682	0.6634047	0.32680931	1.024973965	2.0201483	2	1	2:1	3	TCNneutral
