X.chromosome	start	end	crest	length	tcnNbrOfLoci	tcnMean	tcnNbrOfSNPs	tcnNbrOfHets	dhNbrOfLoci	map	dhMax	cluster	neighbour	distDH	errorSNP	distTcn	errorLength	totalError	minStart	maxStart	minStop	maxStop	area	peaks	meanCovT	meanCovB	tcnMeanRaw	AF	BAF	dhMean	c1Mean	c2Mean	A	B	genotype	TCN	CNA.type
1	840009	12839977	NA	11999973	172141	3.082068	171017	6774	43541	mappable	0.304775	13	edge	0.00025606191	0.00012661433	0.00173499774	0.08504657	0.08517318	840009	840009	12839977	12839977	0.89880515	2	689167.7	44.68831	0.9473411	23.42992	0.6628321	0.32566429	1.03917434	2.0428939	2	1	2:1	3	TCNneutral
1	13780016	43539970	NA	29759956	374349	3.082068	372743	16307	100004	mappable	0.304775	13	NA	0.00022765535	5.582538e-05	0.00313473903	0.08055788	0.08061371	13780016	13780016	43539887	43540053	0.90391345	2	689167.7	44.68831	0.9473411	23.42992	0.6628321	0.32566429	1.03917434	2.0428939	2	1	2:1	3	TCNneutral
1	43539970	43570089	NA	30120	312	2.935956	312	0	96	mappable	NA	NA	NA	NA	Inf	0.03877433298	0.13442275	Inf	43539887	43540053	43569968	43570089	NA	missing	663764.7	NA	0.9064	NA	NA	NA	NA	NA	NA	NA	NA	NA	TCNneutral
1	43570090	56255000	NA	12684913	153580	3.082068	153096	4177	42606	mappable	0.3039133	13	NA	0.00036815141	0.00021454623	0.01017961545	0.08475794	0.08497248	43570090	43570211	56249949	56260051	0.90932395	2	689167.7	44.68831	0.9473411	23.42992	0.6628321	0.32566429	1.03917434	2.0428939	2	1	2:1	3	TCNneutral
1	56255000	56280007	NA	25008	322	2.939524	322	0	94	mappable	NA	NA	NA	NA	Inf	0.03777433298	0.13689158	Inf	56249949	56260051	56279959	56280055	NA	missing	684013.9	NA	0.9074	NA	NA	NA	NA	NA	NA	NA	NA	NA	TCNneutral
1	56280007	120529963	NA	64249957	865756	3.082068	862726	41295	249589	mappable	0.30135	13	NA	0.00140434246	2.256165e-05	0.00258624448	0.07710935	0.07713191	56279959	56280055	120529963	120529963	0.91374612	2	689167.7	44.68831	0.9473411	23.42992	0.6628321	0.32566429	1.03917434	2.0428939	2	1	2:1	3	TCNneutral
1	121220004	121229986	NA	9983	177	3.368631	176	11	62	mappable	0.18308182	15	NA	0.12891465674	0.08333333333	0.03247433298	0.15054281	0.23387614	121220004	121220004	121229986	121229986	NA	missing	749258	44.10432	1.0276367	NA	NA	NA	NA	NA	NA	NA	NA	NA	NA
1	144010127	144019970	NA	9844	155	3.093496	82	0	26	mappable	NA	5	NA	0.0278253073	0.01369863014	0.01232566702	0.15077238	0.16447101	144010127	144010127	144019970	144019970	NA	missing	720206.8	NA	0.9505431	NA	NA	NA	NA	NA	NA	NA	NA	NA	TCNneutral
1	144920087	145739956	NA	819870	6376	3.506775	5827	117	1953	mappable	0.30727647	10	NA	0.20636150424	0.0015015015	0.00372566702	0.10180689	0.10330839	144920087	144920087	145739956	145739956	0.86133951	2	780721	41.53015	1.0663448	23.58037	0.5346686	0.06933721	1.63181235	1.8749623	2	sub	2:sub	sub	NA
1	146540101	147829895	NA	1289795	11686	3.082068	11657	741	3239	mappable	0.30787885	13	self	0.00581349576	0.0012987013	0.01167433298	0.09852843	0.09982713	146540101	146540101	147829895	147829895	0.93470233	2	689167.7	44.68831	0.9473411	23.42992	0.6628321	0.32566429	1.03917434	2.0428939	2	1	2:1	3	TCNneutral
1	149815060	231250045	NA	81434992	1088424	3.082068	1084534	47762	310012	mappable	0.304775	13	self	0.00118499035	1.936108e-05	0.00187776225	0.07610598	0.07612534	149815060	149815060	231249783	231250045	0.91489999	2	689167.7	44.68831	0.9473411	23.42992	0.6628321	0.32566429	1.03917434	2.0428939	2	1	2:1	3	TCNneutral
1	231250046	235402948	NA	4152903	61507	2.056127	61243	3394	17080	mappable	0.8770875	11	NA	0.57406349576	0.00027337343	0.27677433298	0.09096827	0.09124164	231250046	231250308	235402882	235402948	0.96718671	2	482113.2	44.89201	0.65987	23.53114	0.9938171	0.98763412	0.01271291	2.0434139	2	0	2:0	2	DEL;LOH
1	235402949	235529830	DEL	126882	1465	2.056127	1449	136	398	mappable	0.87470407	11	NA	0.57201756552	0.00657894737	0.34547433298	0.11797233	0.12455128	235402949	235403120	235529765	235529830	0.98721434	2	482113.2	44.89201	0.65987	23.53114	0.9938171	0.98763412	0.01271291	2.0434139	2	0	2:0	2	DEL;LOH
1	235529831	249209945	DEL	13680115	193898	2.056127	192818	10973	53590	mappable	0.873325	11	edge	0.57063849576	8.297378e-05	0.27307433298	0.08436833	0.08445131	235529831	235570086	249209945	249209945	0.9242614	2	482113.2	44.89201	0.65987	23.53114	0.9938171	0.98763412	0.01271291	2.0434139	2	0	2:0	2	DEL;LOH
12	160107	15726299	NA	15566194	211235	3.082068	210041	10642	57828	mappable	0.29981045	13	edge	0.0040343351	8.449514e-05	0.01458558322	0.08371033	0.08379483	160107	160107	15726269	15726299	0.8964712	2	689167.7	44.68831	0.9473411	23.42992	0.6628321	0.32566429	1.03917434	2.0428939	2	1	2:1	3	TCNneutral
12	15726300	15819608	ITX	93309	1369	5.03289	1367	8	392	mappable	0.61352187	12	identical	0.1664710466	0.1	0.76922566702	0.1211407	0.2211407	15726300	15726308	15819599	15819608	NA	missing	1094212.3	85.01662	1.4939657	NA	NA	NA	NA	NA	NA	NA	NA	NA	DUP
12	15819609	20163930	ITX	4344322	61289	3.082068	61073	3352	17816	mappable	0.30864593	13	NA	0.00378530427	0.00028026906	0.03002566702	0.09070007	0.09098034	15819609	15819628	20163766	20163930	0.92814117	2	689167.7	44.68831	0.9473411	23.42992	0.6628321	0.32566429	1.03917434	2.0428939	2	1	2:1	3	TCNneutral
12	20163931	20163931	INV	1	0	0	0	0	NA	mappable	NA	NA	NA	NA	Inf	0.94517433298	Inf	Inf	20163931	20163931	20163931	20163931	NA	missing	NA	NA	0	NA	NA	0	0	0	0	0	NA	0	HomoDel
12	20163932	20163935	DUP	4	0	0	0	0	NA	mappable	NA	NA	NA	NA	Inf	0.94517433298	1	Inf	20163932	20163932	20163935	20163935	NA	missing	NA	NA	0	NA	NA	0	0	0	0	0	NA	0	HomoDel
12	20163936	20177345	DUP	13410	288	68.531072	287	1	86	mappable	0.92429456	NA	NA	0.60017533345	0.5	18.34112566702	0.14586805	0.64586805	20163936	20164017	20177223	20177345	NA	missing	14200679.6	1366.31452	19.2863	NA	NA	NA	NA	NA	NA	NA	NA	NA	DUP
12	20177346	20198512	INV	21167	402	82.773998	401	0	119	mappable	NA	NA	NA	0.16572308181	1	22.33202566702	0.1391834	1.1391834	20177346	20177361	20198318	20198512	NA	missing	17089951.1	NA	23.2772	NA	NA	NA	NA	NA	NA	NA	NA	NA	DUP
12	20198513	20198998	DEL	486	8	82.524535	8	0	4	mappable	NA	NA	NA	NA	Inf	22.26212566702	0.22409434	Inf	20198513	20198606	20198948	20198998	NA	missing	17543093.8	NA	23.2073	NA	NA	NA	NA	NA	NA	NA	NA	NA	DUP
12	20198999	20199425	DUP	427	8	82.524535	8	0	1	mappable	NA	NA	NA	NA	Inf	22.26212566702	0.22888291	Inf	20198999	20199004	20199414	20199425	NA	missing	17543093.8	NA	23.2073	NA	NA	NA	NA	NA	NA	NA	NA	NA	DUP
12	20199426	20200233	DUP	808	11	83.675133	11	0	5	mappable	NA	NA	NA	NA	Inf	22.58452566702	0.20707768	Inf	20199426	20199699	20200140	20200233	NA	missing	17615615.8	NA	23.5297	NA	NA	NA	NA	NA	NA	NA	NA	NA	DUP
12	20200234	20200382	INV	149	2	85.055921	2	0	1	mappable	NA	NA	NA	NA	Inf	22.97142566702	0.27704022	Inf	20200234	20200260	20200268	20200382	NA	missing	17702642.2	NA	23.9166	NA	NA	NA	NA	NA	NA	NA	NA	NA	DUP
12	20200383	20211625	INV	11243	166	84.662991	166	0	61	mappable	NA	NA	NA	NA	Inf	22.86132566702	0.14862441	Inf	20200383	20200476	20211560	20211625	NA	missing	17661369.2	NA	23.8065	NA	NA	NA	NA	NA	NA	NA	NA	NA	DUP
12	20211626	20211632	INV	7	0	0	0	0	NA	mappable	NA	NA	NA	NA	Inf	0.94517433298	0.71241437	Inf	20211626	20211626	20211632	20211632	NA	missing	NA	NA	0	NA	NA	0	0	0	0	0	NA	0	HomoDel
12	20211633	20211834	INV	202	2	81.795419	2	0	1	mappable	NA	NA	NA	NA	Inf	22.05782566702	0.26115758	Inf	20211633	20211726	20211817	20211834	NA	missing	17360076	NA	23.003	NA	NA	NA	NA	NA	NA	NA	NA	NA	DUP
12	20211835	20266721	DUP	54887	743	85.716158	740	3	228	mappable	0.97298171	NA	NA	0.66939300985	0.16666666667	23.15642566702	0.12703109	0.29369776	20211835	20211858	20266692	20266721	NA	missing	17792406.6	1754.26536	24.1016	NA	NA	NA	NA	NA	NA	NA	NA	NA	DUP
12	20266722	20271605	DUP	4884	85	83.909249	85	0	22	mappable	NA	NA	NA	NA	Inf	22.65012566702	0.16321404	Inf	20266722	20266732	20271599	20271605	NA	missing	17929488.6	NA	23.5953	NA	NA	NA	NA	NA	NA	NA	NA	NA	DUP
12	20271606	20285842	INV	14237	193	87.613716	183	0	56	mappable	NA	NA	NA	0.66304636321	0.1	23.68812566702	0.14495529	0.24495529	20271606	20271662	20285804	20285842	NA	missing	18008560.7	NA	24.6333	NA	NA	NA	NA	NA	NA	NA	NA	NA	DUP
12	20285843	20285920	INV	78	1	86.692239	1	0	0	mappable	NA	NA	NA	NA	Inf	23.42992566702	0.31819762	Inf	20285843	20285847	20285847	20285920	NA	missing	17918425.6	NA	24.3751	NA	NA	NA	NA	NA	NA	NA	NA	NA	DUP
12	20285921	20292161	INV	6241	97	86.315725	97	0	32	mappable	NA	NA	NA	NA	Inf	23.32442566702	0.15863496	Inf	20285921	20285939	20292133	20292161	NA	missing	17775698.4	NA	24.2696	NA	NA	NA	NA	NA	NA	NA	NA	NA	DUP
12	20292162	20343874	DUP	51713	885	83.173666	881	39	253	mappable	0.96484775	9	NA	0.66079494872	0.02325581395	22.61912566702	0.12772828	0.15098409	20292162	20292214	20343734	20343874	0.94874693	2	17298987	1700.3105	23.3891878	23.82089	0.9846311	0.96926216	1.27828922	81.8953765	82	1	82:1	83	DUP
12	20343875	20346906	DEL	3032	51	62.669949	44	0	19	mappable	NA	NA	NA	0.668046262	0.14285714286	16.69882566702	0.17291982	0.31577696	20343875	20343938	20346819	20346906	NA	missing	12661179	NA	17.644	NA	NA	NA	NA	NA	NA	NA	NA	NA	DUP
12	20346907	20350007	INV	3101	62	62.669949	56	0	14	mappable	NA	NA	NA	0.02452778147	0.16666666667	16.69882566702	0.17243583	0.33910249	20346907	20346953	20349977	20350007	NA	missing	12661179	NA	17.644	NA	NA	NA	NA	NA	NA	NA	NA	NA	DUP
12	20350008	26929997	NA	6579990	95194	3.082068	94920	3012	27758	mappable	0.30602955	13	NA	0.00551349576	0.00030432136	0.00932566702	0.08830157	0.08860589	20350008	20350038	26929913	26929997	0.92421757	2	689167.7	44.68831	0.9473411	23.42992	0.6628321	0.32566429	1.03917434	2.0428939	2	1	2:1	3	TCNneutral
12	26929998	26930005	DUP	8	0	0	0	0	NA	mappable	NA	NA	NA	NA	Inf	0.94517433298	0.66666667	Inf	26929998	26929998	26930005	26930005	NA	missing	NA	NA	0	NA	NA	0	0	0	0	0	NA	0	HomoDel
12	26930006	27029229	DUP	99224	1324	5.03289	1321	81	387	mappable	0.59555075	12	NA	0.28997902974	0.0119047619	0.75762566702	0.12049353	0.13239829	26930006	26940003	27029164	27029229	0.98990829	2	1094212.3	85.01662	1.4939657	23.58921	0.7934126	0.58682524	1.03973152	3.9931583	4	1	4:1	5	DUP
12	27029230	27226079	INV	196850	2364	3.082068	2363	78	716	mappable	0.28871399	13	self	0.00857684382	0.01265822785	0.02162566702	0.11372206	0.12638029	27029230	27029269	27219921	27226079	0.95112613	2	689167.7	44.68831	0.9473411	23.42992	0.6628321	0.32566429	1.03917434	2.0428939	2	1	2:1	3	TCNneutral
12	27226080	27458406	INV	232327	2051	4.018572	2045	55	597	mappable	0.50121443	14	NA	0.205152267	0.01639344262	0.30092566702	0.11219695	0.12859039	27226080	27300097	27458275	27458406	0.999493	2	881391.2	63.68792	1.2097517	23.46523	0.739137	0.47827401	1.04829685	2.9702756	3	1	3:1	4	DUP
12	27458407	27505420	DUP	47014	597	4.018572	595	40	173	mappable	0.43531408	14	NA	0.12657384522	0.02380952381	0.31892566702	0.12885931	0.15266884	27458407	27458560	27505376	27505420	0.99882333	2	881391.2	63.68792	1.2097517	23.46523	0.739137	0.47827401	1.04829685	2.9702756	3	1	3:1	4	DUP
12	27505421	27505657	DEL	237	3	4.94843	3	0	1	mappable	NA	NA	NA	NA	Inf	0.52512566702	0.25352581	Inf	27505421	27505520	27505572	27505657	NA	missing	1076178.8	NA	1.4703	NA	NA	NA	NA	NA	NA	NA	NA	NA	DUP
12	27505658	27614751	DUP	109094	1570	5.03289	1561	10	472	mappable	0.60524811	12	NA	0.28224066967	0.05263157895	0.72212566702	0.11950849	0.17214007	27505658	27505772	27614741	27614751	NA	missing	1094212.3	85.01662	1.4939657	NA	NA	NA	NA	NA	NA	NA	NA	NA	DUP
12	27614752	27614980	ITX	229	4	4.323525	4	0	0	mappable	NA	NA	NA	NA	Inf	0.35002566702	0.25512795	Inf	27614752	27614760	27614953	27614980	NA	missing	968490	NA	1.2952	NA	NA	NA	NA	NA	NA	NA	NA	NA	DUP
12	27614981	27620019	DUP	5039	81	4.416046	80	0	18	mappable	NA	6	NA	0.15514552064	1	0.35002566702	0.16261588	1.16261588	27614981	27614992	27619971	27620019	NA	missing	1073567.2	NA	1.3211247	NA	NA	NA	NA	NA	NA	NA	NA	NA	DUP
12	27620020	34819969	NA	7199951	98678	3.082068	98287	6072	28115	mappable	0.30135	13	self	0.00385176811	0.00015475085	0.01383834968	0.08779803	0.08795278	27620020	27620068	34819969	34819969	0.90892925	2	689167.7	44.68831	0.9473411	23.42992	0.6628321	0.32566429	1.03917434	2.0428939	2	1	2:1	3	TCNneutral
12	38000003	58120014	NA	20120012	260238	3.082068	259053	12059	73827	mappable	0.297925	13	self	0.00476150424	7.551159e-05	0.02592566702	0.082433	0.08250851	38000003	38000003	58119919	58120014	0.92209332	2	689167.7	44.68831	0.9473411	23.42992	0.6628321	0.32566429	1.03917434	2.0428939	2	1	2:1	3	TCNneutral
12	58120015	58138907	NA	18893	245	7.392736	243	5	65	mappable	0.30615455	NA	NA	0.02479259412	0.14285714286	1.21002566702	0.1407899	0.28364705	58120015	58120110	58138879	58138907	NA	missing	1445513.1	93.25891	2.1552	NA	NA	NA	NA	NA	NA	NA	NA	NA	DUP
12	58138908	58139069	ITX	162	3	13.106109	3	0	1	mappable	NA	NA	NA	NA	Inf	2.81092566702	0.27248513	Inf	58138908	58138963	58138974	58139069	NA	missing	2522571.1	NA	3.7561	NA	NA	NA	NA	NA	NA	NA	NA	NA	DUP
12	58139070	58139096	DUP	27	0	0	0	0	NA	mappable	NA	NA	NA	NA	Inf	0.94517433298	0.42061984	Inf	58139070	58139070	58139096	58139096	NA	missing	NA	NA	0	NA	NA	0	0	0	0	0	NA	0	HomoDel
12	58139097	58146318	INV	7222	121	74.058508	118	0	34	mappable	NA	NA	NA	0.66202100574	0.33333333333	19.88992566702	0.15602836	0.48936169	58139097	58139285	58146314	58146318	NA	missing	14644359.7	NA	20.8351	NA	NA	NA	NA	NA	NA	NA	NA	NA	DUP
12	58146319	58174089	INV	27771	386	83.173666	386	16	100	mappable	0.96616805	9	NA	0.66348154331	0.0625	22.56182566702	0.1354895	0.1979895	58146319	58146351	58174076	58174089	NA	missing	17298987	1700.3105	23.3891878	NA	NA	NA	NA	NA	NA	NA	NA	NA	DUP
12	58174090	58179286	DEL	5197	69	83.173666	60	0	22	mappable	NA	9	NA	0.65941559786	0.11111111111	22.04022566702	0.16202908	0.27314019	58174090	58174094	58179209	58179286	NA	missing	17298987	NA	23.3891878	NA	NA	NA	NA	NA	NA	NA	NA	NA	DUP
12	58179287	58179906	INV	620	7	81.732607	7	0	0	mappable	NA	NA	NA	NA	Inf	22.04022566702	0.21560729	Inf	58179287	58179556	58179818	58179906	NA	missing	16923367.1	NA	22.9854	NA	NA	NA	NA	NA	NA	NA	NA	NA	DUP
12	58179907	58186872	INV	6966	3	81.732607	3	0	1	mappable	NA	NA	NA	NA	Inf	22.04022566702	0.15666474	Inf	58179907	58179927	58179966	58186872	NA	missing	16923367.1	NA	22.9854	NA	NA	NA	NA	NA	NA	NA	NA	NA	DUP
12	58186873	58208419	ITX	21547	273	80.387151	272	8	71	mappable	0.96540451	NA	NA	0.66271800275	0.11111111111	21.66322566702	0.13893521	0.25004632	58186873	58190025	58208400	58208419	NA	missing	16264857.6	1598.88427	22.6084	NA	NA	NA	NA	NA	NA	NA	NA	NA	DUP
12	58208420	58229753	DEL	21334	300	79.468172	297	14	81	mappable	0.9694984	NA	NA	0.66467857376	0.05882352941	21.40572566702	0.13907367	0.1978972	58208420	58208429	58229738	58229753	NA	missing	15608010	1536.49252	22.3509	NA	NA	NA	NA	NA	NA	NA	NA	NA	DUP
12	58229754	58240306	INV	10553	112	77.133787	110	0	31	mappable	NA	NA	NA	0.65021673828	0.5	20.75162566702	0.1496405	0.6496405	58229754	58229785	58240210	58240306	NA	missing	15758176.9	NA	21.6968	NA	NA	NA	NA	NA	NA	NA	NA	NA	DUP
12	58240307	58240684	DUP	378	6	77.108805	6	0	0	mappable	NA	NA	NA	NA	Inf	20.74462566702	0.23358367	Inf	58240307	58240323	58240583	58240684	NA	missing	15604477.1	NA	21.6898	NA	NA	NA	NA	NA	NA	NA	NA	NA	DUP
12	58240685	58242700	INV	2016	24	77.108805	22	0	8	mappable	NA	NA	NA	0.65818105642	0.5	20.74462566702	0.1821945	0.6821945	58240685	58240751	58242684	58242700	NA	missing	15604477.1	NA	21.6898	NA	NA	NA	NA	NA	NA	NA	NA	NA	DUP
12	58242701	58242962	INV	262	4	77.108805	3	0	1	mappable	NA	NA	NA	0.6708157999	1	20.74462566702	0.24895988	1.24895988	58242701	58242709	58242849	58242962	NA	missing	15604477.1	NA	21.6898	NA	NA	NA	NA	NA	NA	NA	NA	NA	DUP
12	58242963	58299487	DUP	56525	561	77.394313	561	46	148	mappable	0.9643499	NA	NA	0.66166339834	0.02173913043	20.82462566702	0.12668971	0.14842884	58242963	58242999	58299367	58299487	1	2	16017615.2	1574.39116	21.7698	23.69713	0.9847771	0.96955411	1.17816954	76.2161431	76	1	76:1	77	DUP
12	58299488	58348714	INV	49227	658	79.8247	650	0	197	mappable	NA	NA	NA	0.65991514484	0.125	21.50562566702	0.12831072	0.25331072	58299488	58299524	58348704	58348714	NA	missing	16470379.3	NA	22.4508	NA	NA	NA	NA	NA	NA	NA	NA	NA	DUP
12	58348715	58379015	INV	30301	288	83.173666	288	2	72	mappable	0.96626486	9	NA	0.66357835486	0.5	22.21032566702	0.1343447	0.6343447	58348715	58348770	58378795	58379015	NA	missing	17298987	1700.3105	23.3891878	NA	NA	NA	NA	NA	NA	NA	NA	NA	DUP
12	58379016	58390690	DUP	11675	169	80.62555	169	0	50	mappable	NA	NA	NA	NA	Inf	21.73002566702	0.14802605	Inf	58379016	58379047	58390310	58390690	NA	missing	17170488.8	NA	22.6752	NA	NA	NA	NA	NA	NA	NA	NA	NA	DUP
12	58390691	58409115	DEL	18425	253	78.199445	253	1	65	mappable	0.96187175	NA	NA	0.65918524619	1	21.05022566702	0.14114947	1.14114947	58390691	58390722	58409113	58409115	NA	missing	16841178.8	1652.01164	21.9954	NA	NA	NA	NA	NA	NA	NA	NA	NA	DUP
12	58409116	58439839	DEL	30724	320	64.244526	319	6	82	mappable	0.95355273	NA	NA	0.65293192718	0.14285714286	17.14002566702	0.13416445	0.27702159	58409116	58409214	58439779	58439839	NA	missing	13094960.9	1277.27971	18.0852	NA	NA	NA	NA	NA	NA	NA	NA	NA	DUP
12	58439840	58439842	INV	3	0	0	0	0	NA	mappable	NA	NA	NA	NA	Inf	0.94517433298	1.26185951	Inf	58439840	58439840	58439842	58439842	NA	missing	NA	NA	0	NA	NA	0	0	0	0	0	NA	0	HomoDel
12	58439843	58462327	INV	22485	190	84.631942	190	2	55	mappable	0.96788697	NA	NA	0.66520046562	0.5	22.85262566702	0.1383444	0.6383444	58439843	58439860	58462033	58462327	NA	missing	17219280.2	863.48982	23.7978	NA	NA	NA	NA	NA	NA	NA	NA	NA	DUP
12	58462328	58468365	INV	6038	109	85.132294	109	0	39	mappable	NA	NA	NA	NA	Inf	22.99282566702	0.15923751	Inf	58462328	58462393	58468331	58468365	NA	missing	17852651.2	NA	23.938	NA	NA	NA	NA	NA	NA	NA	NA	NA	DUP
12	58468366	58496291	INV	27926	427	83.173666	425	7	116	mappable	0.96587631	9	NA	0.66236038324	0.11111111111	22.47912566702	0.13541584	0.24652695	58468366	58468398	58496283	58496291	NA	missing	17298987	1700.3105	23.3891878	NA	NA	NA	NA	NA	NA	NA	NA	NA	DUP
12	58496292	58530000	DUP	33709	313	65.786983	305	21	88	mappable	0.97775497	NA	NA	0.67237036414	0.03448275862	17.57222566702	0.13297124	0.167454	58496292	58496318	58529991	58530000	NA	missing	13806446.2	1364.81279	18.5174	NA	NA	NA	NA	NA	NA	NA	NA	NA	DUP
12	58530001	70110016	NA	11580016	156916	3.082068	156353	7178	45645	mappable	0.311625	13	self	0.01236349576	0.00012919897	0.01392566702	0.08523284	0.08536204	58530001	58530010	70109969	70110016	0.91481675	2	689167.7	44.68831	0.9473411	23.42992	0.6628321	0.32566429	1.03917434	2.0428939	2	1	2:1	3	TCNneutral
12	70110017	70118095	NA	8079	89	14.533649	85	0	24	mappable	NA	NA	NA	0.10298288492	0.25	3.21092566702	0.15408367	0.40408367	70110017	70110064	70118033	70118095	NA	missing	3113345	NA	4.1561	NA	NA	NA	NA	NA	NA	NA	NA	NA	DUP
12	70118096	70118100	DUP	5	1	14.533649	1	0	0	mappable	NA	NA	NA	NA	Inf	3.21092566702	0.86135312	Inf	70118096	70118097	70118097	70118100	NA	missing	3113345	NA	4.1561	NA	NA	NA	NA	NA	NA	NA	NA	NA	DUP
12	70118101	70148427	DUP	30327	388	79.6459	386	19	111	mappable	0.96126688	NA	NA	0.65973514611	0.04761904762	21.45552566702	0.13433353	0.18195258	70118101	70118250	70148373	70148427	NA	missing	16525147.7	1618.82926	22.4007	NA	NA	NA	NA	NA	NA	NA	NA	NA	DUP
12	70148428	70154758	INV	6331	87	77.405733	84	1	24	mappable	0.96621622	NA	NA	0.67090815039	0.25	20.82782566702	0.15837548	0.40837548	70148428	70148743	70154730	70154758	NA	missing	16734874.3	1645.21906	21.773	NA	NA	NA	NA	NA	NA	NA	NA	NA	DUP
12	70154759	70156212	INV	1454	24	76.792248	22	0	11	mappable	NA	NA	NA	0.63598655327	0.5	20.65592566702	0.19037082	0.69037082	70154759	70154759	70156108	70156212	NA	missing	16570795	NA	21.6011	NA	NA	NA	NA	NA	NA	NA	NA	NA	DUP
12	70156213	70173606	INV	17394	212	83.173666	209	8	67	mappable	0.96909026	9	NA	0.66384565207	0.09090909091	22.46932566702	0.1419819	0.232891	70156213	70156249	70173596	70173606	NA	missing	17298987	1700.3105	23.3891878	NA	NA	NA	NA	NA	NA	NA	NA	NA	DUP
12	70173607	70180330	DUP	6724	105	88.390298	101	0	37	mappable	NA	NA	NA	0.66365665965	0.25	23.90572566702	0.15729325	0.40729325	70173607	70173638	70180137	70180330	NA	missing	18430328.6	NA	24.8509	NA	NA	NA	NA	NA	NA	NA	NA	NA	DUP
12	70180331	70182547	INV	2217	42	85.987391	41	0	18	mappable	NA	NA	NA	0.67588089564	1	23.23242566702	0.17994685	1.17994685	70180331	70180360	70182473	70182547	NA	missing	18713763.8	NA	24.1776	NA	NA	NA	NA	NA	NA	NA	NA	NA	DUP
12	70182548	70192139	CTX	9592	160	86.504518	160	10	41	mappable	0.96864926	NA	NA	0.66596275871	0.1	23.37732566702	0.15119883	0.25119883	70182548	70182595	70192017	70192139	NA	missing	18574011.6	1831.87204	24.3225	NA	NA	NA	NA	NA	NA	NA	NA	NA	DUP
12	70192140	70194005	INV	1866	28	88.222919	27	1	9	mappable	0.97468354	NA	NA	0.66496161364	0.5	23.85882566702	0.18406489	0.68406489	70192140	70192172	70193931	70194005	NA	missing	18109430	1788.01967	24.804	NA	NA	NA	NA	NA	NA	NA	NA	NA	DUP
12	70194006	70195328	DEL	1323	24	88.222919	23	0	8	mappable	NA	NA	NA	0.66649838641	1	23.85882566702	0.19287152	1.19287152	70194006	70194017	70195293	70195328	NA	missing	18109430	NA	24.804	NA	NA	NA	NA	NA	NA	NA	NA	NA	DUP
12	70195329	70195651	DUP	323	9	88.222919	8	0	3	mappable	NA	NA	NA	0.67225083912	1	23.85882566702	0.23994077	1.23994077	70195329	70195393	70195650	70195651	NA	missing	18109430	NA	24.804	NA	NA	NA	NA	NA	NA	NA	NA	NA	DUP
12	70195652	70195695	DUP	44	3	88.222919	3	0	0	mappable	NA	NA	NA	NA	Inf	23.85882566702	0.3663385	Inf	70195652	70195655	70195669	70195695	NA	missing	18109430	NA	24.804	NA	NA	NA	NA	NA	NA	NA	NA	NA	DUP
12	70195696	70221401	INV	25706	358	87.189737	350	23	93	mappable	0.96511656	NA	NA	0.6637102988	0.03225806452	23.56932566702	0.13652047	0.16877854	70195696	70195764	70221394	70221401	NA	missing	18195133	1791.12633	24.5145	NA	NA	NA	NA	NA	NA	NA	NA	NA	DUP
12	70221402	70223617	INV	2216	27	50.89417	27	0	8	mappable	NA	NA	NA	NA	Inf	13.39922566702	0.17995739	Inf	70221402	70221431	70223615	70223617	NA	missing	10495320	NA	14.3444	NA	NA	NA	NA	NA	NA	NA	NA	NA	DUP
12	70223618	70223771	ITX	154	2	50.89417	2	0	2	mappable	NA	NA	NA	NA	Inf	13.39922566702	0.27522482	Inf	70223618	70223663	70223670	70223771	NA	missing	10495320	NA	14.3444	NA	NA	NA	NA	NA	NA	NA	NA	NA	DUP
12	70223772	70226538	ITX	2767	39	50.89417	36	0	6	mappable	NA	NA	NA	0.66809150188	0.33333333333	13.39922566702	0.17491528	0.50824861	70223772	70223851	70226526	70226538	NA	missing	10495320	NA	14.3444	NA	NA	NA	NA	NA	NA	NA	NA	NA	DUP
12	70226539	70226539	INV	1	1	50.89417	1	0	0	mappable	NA	NA	NA	NA	Inf	13.39922566702	Inf	Inf	70226539	70226539	70226539	70226539	NA	missing	10495320	NA	14.3444	NA	NA	NA	NA	NA	NA	NA	NA	NA	DUP
12	70226540	70230014	INV	3475	54	50.89417	53	0	16	mappable	NA	NA	NA	0.07231349576	1	13.39922566702	0.17002758	1.17002758	70226540	70226544	70229903	70230014	NA	missing	10495320	NA	14.3444	NA	NA	NA	NA	NA	NA	NA	NA	NA	DUP
12	70230015	76516207	NA	6286193	86835	3.082068	86570	3538	25759	mappable	0.297925	13	self	0.00476150424	0.0002629503	0.03132566702	0.08855923	0.08882218	70230015	70230126	76516207	76516207	0.90640595	2	689167.7	44.68831	0.9473411	23.42992	0.6628321	0.32566429	1.03917434	2.0428939	2	1	2:1	3	TCNneutral
12	76516208	76521509	INV	5302	114	51.649695	113	1	36	mappable	0.93947037	NA	NA	0.05828322026	0.5	13.61092566702	0.16165116	0.66165116	76516208	76516228	76521471	76521509	NA	missing	10807065.3	1047.99915	14.5561	NA	NA	NA	NA	NA	NA	NA	NA	NA	DUP
12	76521510	76546440	INV	24931	415	83.173666	415	11	127	mappable	0.96396105	9	NA	0.66127454736	0.09090909091	22.05842566702	0.13693328	0.22784237	76521510	76521564	76546417	76546440	NA	missing	17298987	1700.3105	23.3891878	NA	NA	NA	NA	NA	NA	NA	NA	NA	DUP
12	76546441	76547306	INV	866	6	82.912469	6	0	3	mappable	NA	NA	NA	NA	Inf	22.37082566702	0.20495534	Inf	76546441	76546480	76547195	76547306	NA	missing	17224960	NA	23.316	NA	NA	NA	NA	NA	NA	NA	NA	NA	DUP
12	76547307	76547796	DUP	490	8	82.912469	8	0	1	mappable	NA	NA	NA	NA	Inf	22.37082566702	0.22379781	Inf	76547307	76547335	76547653	76547796	NA	missing	17224960	NA	23.316	NA	NA	NA	NA	NA	NA	NA	NA	NA	DUP
12	76547797	76548703	INV	907	22	83.173666	21	0	5	mappable	NA	9	NA	0.65593418541	1	22.37082566702	0.2035632	1.2035632	76547797	76547820	76548682	76548703	NA	missing	17298987	NA	23.3891878	NA	NA	NA	NA	NA	NA	NA	NA	NA	DUP
12	76548704	76561101	INV	12398	158	87.368893	158	1	44	mappable	0.94585815	NA	NA	0.64317164411	1	23.61952566702	0.1470824	1.1470824	76548704	76548916	76559956	76561101	NA	missing	17484858.7	1701.15274	24.5647	NA	NA	NA	NA	NA	NA	NA	NA	NA	DUP
12	76561102	76584206	INV	23105	203	83.173666	203	6	63	mappable	0.96499113	9	NA	0.66230462668	0.16666666667	22.39852566702	0.13796988	0.30463655	76561102	76570017	76584199	76584206	NA	missing	17298987	1700.3105	23.3891878	NA	NA	NA	NA	NA	NA	NA	NA	NA	DUP
12	76584207	76604152	DUP	19946	287	86.00131	287	11	102	mappable	0.96171644	NA	NA	0.65902993214	0.09090909091	23.23632566702	0.14001865	0.23092774	76584207	76584305	76604041	76604152	NA	missing	17584313.2	1725.72936	24.1815	NA	NA	NA	NA	NA	NA	NA	NA	NA	DUP
12	76604153	76605776	INV	1624	31	88.778232	27	0	4	mappable	NA	NA	NA	0.66078959085	0.25	24.01442566702	0.18752339	0.43752339	76604153	76604206	76605764	76605776	NA	missing	17439987.5	NA	24.9596	NA	NA	NA	NA	NA	NA	NA	NA	NA	DUP
12	76605777	76606611	DUP	835	13	88.778232	13	0	1	mappable	NA	NA	NA	NA	Inf	24.01442566702	0.20606591	Inf	76605777	76605803	76606555	76606611	NA	missing	17439987.5	NA	24.9596	NA	NA	NA	NA	NA	NA	NA	NA	NA	DUP
12	76606612	76610317	INV	3706	57	88.631909	57	4	8	mappable	0.97126817	NA	NA	0.66858166924	0.25	23.97342566702	0.16869598	0.41869598	76606612	76606709	76610096	76610317	NA	missing	17427250.6	1716.8947	24.9186	NA	NA	NA	NA	NA	NA	NA	NA	NA	DUP
12	76610318	76621488	DEL	11171	179	83.173666	179	14	44	mappable	0.96613479	9	NA	0.66344828955	0.07142857143	22.69662566702	0.14872685	0.22015542	76610318	76610578	76621470	76621488	NA	missing	17298987	1700.3105	23.3891878	NA	NA	NA	NA	NA	NA	NA	NA	NA	DUP
12	76621489	76621523	CTX	35	1	80.436401	0	0	0	mappable	NA	NA	NA	0.6572899525	1	21.67702566702	0.38991804	1.38991804	76621489	76621493	76621493	76621523	NA	missing	NA	NA	22.6222	NA	NA	NA	NA	NA	NA	NA	NA	NA	DUP
12	76621524	76621935	DEL	412	10	80.436401	9	0	3	mappable	NA	NA	NA	0.6508310837	1	21.67702566702	0.23024232	1.23024232	76621524	76621570	76621920	76621935	NA	missing	16383606.7	NA	22.6222	NA	NA	NA	NA	NA	NA	NA	NA	NA	DUP
12	76621936	76669043	CTX	47108	789	79.624844	788	119	184	mappable	0.96373343	NA	NA	0.66104692572	0.00833333333	21.44962566702	0.12883539	0.13716873	76621936	76621967	76669039	76669043	1	2	16349992.9	1606.77609	22.3948	23.5138	0.9845499	0.96909985	1.23020992	78.3946344	sub	1	sub:1	sub	DUP
12	76669044	76669420	INV	377	5	79.032058	5	0	1	mappable	NA	NA	NA	NA	Inf	21.28352566702	0.23368797	Inf	76669044	76669053	76669241	76669420	NA	missing	16274680	NA	22.2287	NA	NA	NA	NA	NA	NA	NA	NA	NA	DUP
12	76669421	76672104	DEL	2684	47	76.643427	44	0	12	mappable	NA	NA	NA	0.65612380617	0.33333333333	20.61422566702	0.17559002	0.50892335	76669421	76669504	76672059	76672104	NA	missing	15978320	NA	21.5594	NA	NA	NA	NA	NA	NA	NA	NA	NA	DUP
12	76672105	76672326	ITX	222	8	76.077407	8	0	3	mappable	NA	NA	NA	NA	Inf	20.45562566702	0.25659396	Inf	76672105	76672140	76672318	76672326	NA	missing	15912462.2	NA	21.4008	NA	NA	NA	NA	NA	NA	NA	NA	NA	DUP
12	76672327	76672327	DEL	1	0	0	0	0	NA	mappable	NA	NA	NA	NA	Inf	0.94517433298	Inf	Inf	76672327	76672327	76672327	76672327	NA	missing	NA	NA	0	NA	NA	0	0	0	0	0	NA	0	HomoDel
12	76672328	76694174	INV	21847	230	76.270125	230	32	62	mappable	0.96310072	NA	NA	0.6604142115	0.03125	20.50962566702	0.13874294	0.16999294	76672328	76672339	76694145	76694174	1	2	15851309.8	1555.50437	21.4548	23.7954	0.9831956	0.9663912	1.28167367	74.9884511	75	1	75:1	76	DUP
12	76694175	76720685	DUP	26511	253	76.27405	250	1	76	mappable	0.95918367	NA	NA	0.54299573514	0.25	20.51072566702	0.13610717	0.38610717	76694175	76694251	76720683	76720685	NA	missing	16094213.5	1576.57601	21.4559	NA	NA	NA	NA	NA	NA	NA	NA	NA	DUP
12	76720686	76721216	INV	531	8	83.154081	8	0	2	mappable	NA	NA	NA	NA	Inf	22.43852566702	0.22093178	Inf	76720686	76720734	76720953	76721216	NA	missing	16607243.3	NA	23.3837	NA	NA	NA	NA	NA	NA	NA	NA	NA	DUP
12	76721217	76722434	INV	1218	15	83.154081	15	0	6	mappable	NA	NA	NA	NA	Inf	22.43852566702	0.19511627	Inf	76721217	76721367	76722293	76722434	NA	missing	16607243.3	NA	23.3837	NA	NA	NA	NA	NA	NA	NA	NA	NA	DUP
12	76722435	76725849	DUP	3415	44	83.154081	44	0	11	mappable	NA	NA	NA	NA	Inf	22.43852566702	0.17039157	Inf	76722435	76722572	76725809	76725849	NA	missing	16607243.3	NA	23.3837	NA	NA	NA	NA	NA	NA	NA	NA	NA	DUP
12	76725850	76727390	DEL	1541	21	83.154081	21	0	6	mappable	NA	NA	NA	NA	Inf	22.43852566702	0.18886363	Inf	76725850	76725894	76727376	76727390	NA	missing	16607243.3	NA	23.3837	NA	NA	NA	NA	NA	NA	NA	NA	NA	DUP
12	76727391	76735696	CTX	8306	111	83.020606	111	0	25	mappable	NA	NA	NA	NA	Inf	22.40112566702	0.15361056	Inf	76727391	76727399	76735616	76735696	NA	missing	16805526.4	NA	23.3463	NA	NA	NA	NA	NA	NA	NA	NA	NA	DUP
12	76735697	76744271	CTX	8575	127	83.641229	127	0	38	mappable	NA	NA	NA	NA	Inf	22.57502566702	0.15306996	Inf	76735697	76735830	76744192	76744271	NA	missing	17184033.1	NA	23.5202	NA	NA	NA	NA	NA	NA	NA	NA	NA	DUP
12	76744272	76749397	DUP	5126	50	84.113745	50	0	14	mappable	NA	NA	NA	NA	Inf	22.70742566702	0.16229001	Inf	76744272	76744450	76749386	76749397	NA	missing	17383152.9	NA	23.6526	NA	NA	NA	NA	NA	NA	NA	NA	NA	DUP
12	76749398	76761941	DUP	12544	30	84.414599	30	0	12	mappable	NA	NA	NA	NA	Inf	22.79172566702	0.14689994	Inf	76749398	76749517	76761924	76761941	NA	missing	17222810.1	NA	23.7369	NA	NA	NA	NA	NA	NA	NA	NA	NA	DUP
12	76761942	76762014	CTX	73	0	0	0	0	NA	mappable	NA	NA	NA	NA	Inf	0.94517433298	0.32311093	Inf	76761942	76761942	76762014	76762014	NA	missing	NA	NA	0	NA	NA	0	0	0	0	0	NA	0	HomoDel
12	76762015	76762664	CTX	650	4	84.460994	4	0	0	mappable	NA	NA	NA	NA	Inf	22.80472566702	0.21403432	Inf	76762015	76762170	76762563	76762664	NA	missing	17198142	NA	23.7499	NA	NA	NA	NA	NA	NA	NA	NA	NA	DUP
12	76762665	76808532	ITX	45868	574	85.016664	574	0	201	mappable	NA	NA	NA	NA	Inf	22.96042566702	0.12915558	Inf	76762665	76762666	76808379	76808532	NA	missing	17178366.5	NA	23.9056	NA	NA	NA	NA	NA	NA	NA	NA	NA	DUP
12	76808533	76809995	DEL	1463	23	88.596221	23	0	8	mappable	NA	NA	NA	NA	Inf	23.96342566702	0.19020964	Inf	76808533	76808571	76809852	76809995	NA	missing	17158162.9	NA	24.9086	NA	NA	NA	NA	NA	NA	NA	NA	NA	DUP
12	76809996	76811093	DUP	1098	14	75.115958	14	0	6	mappable	NA	NA	NA	NA	Inf	20.18622566702	0.19800682	Inf	76809996	76810061	76811024	76811093	NA	missing	16193881.2	NA	21.1314	NA	NA	NA	NA	NA	NA	NA	NA	NA	DUP
12	76811094	76813173	DEL	2080	25	75.115958	25	0	8	mappable	NA	NA	NA	NA	Inf	20.18622566702	0.18144922	Inf	76811094	76811345	76813134	76813173	NA	missing	16193881.2	NA	21.1314	NA	NA	NA	NA	NA	NA	NA	NA	NA	DUP
12	76813174	76813181	DEL	8	0	0	0	0	NA	mappable	NA	NA	NA	NA	Inf	0.94517433298	0.66666667	Inf	76813174	76813174	76813181	76813181	NA	missing	NA	NA	0	NA	NA	0	0	0	0	0	NA	0	HomoDel
12	76813182	76830081	DEL	16900	207	81.074154	207	0	74	mappable	NA	NA	NA	NA	Inf	21.85572566702	0.14240211	Inf	76813182	76813204	76829951	76830081	NA	missing	16730606.5	NA	22.8009	NA	NA	NA	NA	NA	NA	NA	NA	NA	DUP
12	76830082	76831548	INV	1467	18	82.392845	18	0	6	mappable	NA	NA	NA	NA	Inf	22.22522566702	0.19013841	Inf	76830082	76830183	76831401	76831548	NA	missing	17255765	NA	23.1704	NA	NA	NA	NA	NA	NA	NA	NA	NA	DUP
12	76831549	76834819	INV	3271	44	82.392845	44	0	12	mappable	NA	NA	NA	NA	Inf	22.22522566702	0.17129864	Inf	76831549	76831559	76834786	76834819	NA	missing	17255765	NA	23.1704	NA	NA	NA	NA	NA	NA	NA	NA	NA	DUP
12	76834820	76850162	DEL	15343	198	85.808592	198	0	61	mappable	NA	NA	NA	NA	Inf	23.18232566702	0.14383012	Inf	76834820	76834886	76850090	76850162	NA	missing	17512568.2	NA	24.1275	NA	NA	NA	NA	NA	NA	NA	NA	NA	DUP
12	76850163	76854120	INV	3958	55	86.251843	55	0	19	mappable	NA	NA	NA	NA	Inf	23.30652566702	0.16735623	Inf	76850163	76850187	76853936	76854120	NA	missing	17428351.1	NA	24.2517	NA	NA	NA	NA	NA	NA	NA	NA	NA	DUP
12	76854121	76860447	INV	6327	85	86.162265	85	0	28	mappable	NA	NA	NA	NA	Inf	23.28142566702	0.15838691	Inf	76854121	76854145	76860210	76860447	NA	missing	17428024.3	NA	24.2266	NA	NA	NA	NA	NA	NA	NA	NA	NA	DUP
12	76860448	76863236	INV	2789	39	82.442809	39	0	16	mappable	NA	NA	NA	NA	Inf	22.23922566702	0.17474067	Inf	76860448	76860504	76863197	76863236	NA	missing	17414462.5	NA	23.1844	NA	NA	NA	NA	NA	NA	NA	NA	NA	DUP
12	76863237	76878753	INV	15517	211	85.415304	211	0	66	mappable	NA	NA	NA	NA	Inf	23.07212566702	0.14366204	Inf	76863237	76863245	76878722	76878753	NA	missing	17268414.7	NA	24.0173	NA	NA	NA	NA	NA	NA	NA	NA	NA	DUP
12	76878754	76878773	INV	20	0	0	0	0	NA	mappable	NA	NA	NA	NA	Inf	0.94517433298	0.46275643	Inf	76878754	76878754	76878773	76878773	NA	missing	NA	NA	0	NA	NA	0	0	0	0	0	NA	0	HomoDel
12	76878774	76880158	DUP	1385	22	87.235061	22	0	4	mappable	NA	NA	NA	NA	Inf	23.58202566702	0.19165036	Inf	76878774	76878796	76880144	76880158	NA	missing	17207013.5	NA	24.5272	NA	NA	NA	NA	NA	NA	NA	NA	NA	DUP
12	76880159	76882029	DEL	1871	19	83.748294	19	0	7	mappable	NA	NA	NA	NA	Inf	22.60502566702	0.18399952	Inf	76880159	76880201	76881940	76882029	NA	missing	17658432	NA	23.5502	NA	NA	NA	NA	NA	NA	NA	NA	NA	DUP
12	76882030	76882053	INV	24	0	0	0	0	NA	mappable	NA	NA	NA	NA	Inf	0.94517433298	0.43620858	Inf	76882030	76882030	76882053	76882053	NA	missing	NA	NA	0	NA	NA	0	0	0	0	0	NA	0	HomoDel
12	76882054	76882083	DEL	30	0	0	0	0	NA	mappable	NA	NA	NA	NA	Inf	0.94517433298	0.40759009	Inf	76882054	76882054	76882083	76882083	NA	missing	NA	NA	0	NA	NA	0	0	0	0	0	NA	0	HomoDel
12	76882084	76882088	DEL	5	0	0	0	0	NA	mappable	NA	NA	NA	NA	Inf	0.94517433298	0.86135312	Inf	76882084	76882084	76882088	76882088	NA	missing	NA	NA	0	NA	NA	0	0	0	0	0	NA	0	HomoDel
12	76882089	76882206	DEL	118	1	83.748294	1	0	0	mappable	NA	NA	NA	NA	Inf	22.60502566702	0.29058604	Inf	76882089	76882161	76882161	76882206	NA	missing	17658432	NA	23.5502	NA	NA	NA	NA	NA	NA	NA	NA	NA	DUP
12	76882207	76882291	DUP	85	1	83.748294	1	0	0	mappable	NA	NA	NA	NA	Inf	22.60502566702	0.31204213	Inf	76882207	76882269	76882269	76882291	NA	missing	17658432	NA	23.5502	NA	NA	NA	NA	NA	NA	NA	NA	NA	DUP
12	76882292	76882333	DUP	42	0	0	0	0	NA	mappable	NA	NA	NA	NA	Inf	0.94517433298	0.37089805	Inf	76882292	76882292	76882333	76882333	NA	missing	NA	NA	0	NA	NA	0	0	0	0	0	NA	0	HomoDel
12	76882334	76882337	CTX	4	0	0	0	0	NA	mappable	NA	NA	NA	NA	Inf	0.94517433298	1	Inf	76882334	76882334	76882337	76882337	NA	missing	NA	NA	0	NA	NA	0	0	0	0	0	NA	0	HomoDel
12	76882338	76882817	INV	480	6	83.748294	6	0	2	mappable	NA	NA	NA	NA	Inf	22.60502566702	0.22454525	Inf	76882338	76882537	76882740	76882817	NA	missing	17658432	NA	23.5502	NA	NA	NA	NA	NA	NA	NA	NA	NA	DUP
12	76882818	76883044	DUP	227	3	83.748294	3	0	1	mappable	NA	NA	NA	NA	Inf	22.60502566702	0.25554049	Inf	76882818	76882832	76882852	76883044	NA	missing	17658432	NA	23.5502	NA	NA	NA	NA	NA	NA	NA	NA	NA	DUP
12	76883045	76883300	DEL	256	3	83.748294	3	0	1	mappable	NA	NA	NA	NA	Inf	22.60502566702	0.25	Inf	76883045	76883050	76883264	76883300	NA	missing	17658432	NA	23.5502	NA	NA	NA	NA	NA	NA	NA	NA	NA	DUP
12	76883301	76883863	DUP	563	8	83.748294	8	0	2	mappable	NA	NA	NA	NA	Inf	22.60502566702	0.21889044	Inf	76883301	76883370	76883815	76883863	NA	missing	17658432	NA	23.5502	NA	NA	NA	NA	NA	NA	NA	NA	NA	DUP
12	76883864	76883870	DEL	7	0	0	0	0	NA	mappable	NA	NA	NA	NA	Inf	0.94517433298	0.71241437	Inf	76883864	76883864	76883870	76883870	NA	missing	NA	NA	0	NA	NA	0	0	0	0	0	NA	0	HomoDel
12	76883871	76886028	INV	2158	33	83.748294	33	0	9	mappable	NA	NA	NA	NA	Inf	22.60502566702	0.18057909	Inf	76883871	76884070	76886005	76886028	NA	missing	17658432	NA	23.5502	NA	NA	NA	NA	NA	NA	NA	NA	NA	DUP
12	76886029	76886294	DEL	266	7	83.748294	7	0	2	mappable	NA	NA	NA	NA	Inf	22.60502566702	0.24828428	Inf	76886029	76886129	76886293	76886294	NA	missing	17658432	NA	23.5502	NA	NA	NA	NA	NA	NA	NA	NA	NA	DUP
12	76886295	76887321	DUP	1027	12	83.748294	12	0	5	mappable	NA	NA	NA	NA	Inf	22.60502566702	0.19991563	Inf	76886295	76886501	76887183	76887321	NA	missing	17658432	NA	23.5502	NA	NA	NA	NA	NA	NA	NA	NA	NA	DUP
12	76887322	76889138	INV	1817	18	83.748294	18	0	6	mappable	NA	NA	NA	NA	Inf	22.60502566702	0.18471753	Inf	76887322	76887324	76889073	76889138	NA	missing	17658432	NA	23.5502	NA	NA	NA	NA	NA	NA	NA	NA	NA	DUP
12	76889139	76890029	DUP	891	10	83.748294	10	0	3	mappable	NA	NA	NA	NA	Inf	22.60502566702	0.20409659	Inf	76889139	76889147	76889950	76890029	NA	missing	17658432	NA	23.5502	NA	NA	NA	NA	NA	NA	NA	NA	NA	DUP
12	76890030	76890672	CTX	643	11	79.841474	11	0	4	mappable	NA	NA	NA	NA	Inf	21.51032566702	0.21439272	Inf	76890030	76890057	76890611	76890672	NA	missing	16320554.3	NA	22.4555	NA	NA	NA	NA	NA	NA	NA	NA	NA	DUP
12	76890673	76902221	DEL	11549	157	79.953535	157	0	45	mappable	NA	NA	NA	NA	Inf	21.54172566702	0.14819776	Inf	76890673	76890673	76902160	76902221	NA	missing	16485989.7	NA	22.4869	NA	NA	NA	NA	NA	NA	NA	NA	NA	DUP
12	76902222	76924995	CTX	22774	354	78.119146	354	0	115	mappable	NA	NA	NA	NA	Inf	21.02772566702	0.1381683	Inf	76902222	76902277	76924919	76924995	NA	missing	16396856	NA	21.9729	NA	NA	NA	NA	NA	NA	NA	NA	NA	DUP
12	76924996	76925009	DEL	14	0	0	0	0	NA	mappable	NA	NA	NA	NA	Inf	0.94517433298	0.52529907	Inf	76924996	76924996	76925009	76925009	NA	missing	NA	NA	0	NA	NA	0	0	0	0	0	NA	0	HomoDel
12	76925010	76930540	DEL	5531	68	59.214945	68	0	25	mappable	NA	NA	NA	NA	Inf	15.73072566702	0.16085802	Inf	76925010	76925020	76930516	76930540	NA	missing	12452314.3	NA	16.6759	NA	NA	NA	NA	NA	NA	NA	NA	NA	DUP
12	76930541	76936903	DEL	6363	84	53.852033	84	0	27	mappable	NA	NA	NA	NA	Inf	14.22802566702	0.15828431	Inf	76930541	76930653	76936891	76936903	NA	missing	11183261.2	NA	15.1732	NA	NA	NA	NA	NA	NA	NA	NA	NA	DUP
12	76936904	76937326	DUP	423	4	53.852033	4	0	2	mappable	NA	NA	NA	NA	Inf	14.22802566702	0.22923913	Inf	76936904	76936970	76937299	76937326	NA	missing	11183261.2	NA	15.1732	NA	NA	NA	NA	NA	NA	NA	NA	NA	DUP
12	76937327	76940059	DUP	2733	36	53.852033	35	0	13	mappable	NA	NA	NA	0.09457376973	1	14.22802566702	0.17518857	1.17518857	76937327	76937331	76939998	76940120	NA	missing	11183261.2	NA	15.1732	NA	NA	NA	NA	NA	NA	NA	NA	NA	DUP
12	76940059	80464976	NA	3524918	48468	3.082068	48304	2002	14432	mappable	0.30215455	13	self	0.00133650424	0.00046168052	0.03232566702	0.09195758	0.09241926	76939998	76940120	80464958	80464976	0.91775174	2	689167.7	44.68831	0.9473411	23.42992	0.6628321	0.32566429	1.03917434	2.0428939	2	1	2:1	3	TCNneutral
12	80464977	80856288	INV	391312	4820	4.018572	4795	320	1393	mappable	0.44693273	14	NA	0.14917483596	0.00289855072	0.29722566702	0.10765445	0.110553	80464977	80465117	80839968	80856288	0.9792757	2	881391.2	63.68792	1.2097517	23.46523	0.739137	0.47827401	1.04829685	2.9702756	3	1	3:1	4	DUP
12	80856289	81105202	DEL	248914	3245	5.03289	3231	174	997	mappable	0.62801694	12	NA	0.32720914229	0.00531914894	0.75222566702	0.11157422	0.11689337	80856289	80860092	81105153	81105202	0.96553027	2	1094212.3	85.01662	1.4939657	23.58921	0.7934126	0.58682524	1.03973152	3.9931583	4	1	4:1	5	DUP
12	81105203	99857741	NA	18752542	256644	3.082068	255575	13363	74373	mappable	0.30715427	13	self	0.00461694899	6.930007e-05	0.01573192315	0.08277946	0.08284876	81105203	81105303	99849957	99857741	0.91693334	2	689167.7	44.68831	0.9473411	23.42992	0.6628321	0.32566429	1.03917434	2.0428939	2	1	2:1	3	TCNneutral
12	99858144	100179310	ITX	321167	4621	5.03289	4620	15	1438	mappable	0.59822845	12	NA	0.29589507883	0.0625	0.76272566702	0.10933165	0.17183165	99858144	99860008	100179264	100179310	NA	missing	1094212.3	85.01662	1.4939657	NA	NA	NA	NA	NA	NA	NA	NA	NA	DUP
12	100179311	133841709	DUP	33662404	470865	3.082068	468447	24317	126954	mappable	0.297925	13	edge	0.0038745519	3.740555e-05	0.01631389294	0.07998517	0.08002258	100179311	100179315	133819926	133841709	0.89898417	2	689167.7	44.68831	0.9473411	23.42992	0.6628321	0.32566429	1.03917434	2.0428939	2	1	2:1	3	TCNneutral
9	200101	8359922	NA	8159825	157543	3.082068	157102	8346	45490	mappable	0.304775	13	edge	0.00210964574	0.00011380448	0.01542376901	0.08710761	0.08722141	200101	200101	8359795	8359922	0.88319103	2	689167.7	44.68831	0.9473411	23.42992	0.6628321	0.32566429	1.03917434	2.0428939	2	1	2:1	3	TCNneutral
9	8359923	8372609	NA	12687	255	2.894914	255	0	81	mappable	NA	NA	NA	NA	Inf	0.05027433298	0.1467237	Inf	8359923	8360050	8372565	8372609	NA	missing	665194.9	NA	0.8949	NA	NA	NA	NA	NA	NA	NA	NA	NA	TCNneutral
9	8372610	8407789	DUP	35180	742	3.506775	741	63	191	mappable	0.10220335	10	NA	0.20048315728	0.015625	0.08452566702	0.13242869	0.14805369	8372610	8372671	8407769	8407789	0.59253988	2	780721	41.53015	1.0663448	23.58037	0.5346686	0.06933721	1.63181235	1.8749623	2	sub	2:sub	sub	NA
9	8407790	8410017	DUP	2228	44	4.018572	42	0	12	mappable	NA	14	NA	0.29433851266	0.5	0.05302566702	0.17983132	0.67983132	8407790	8407848	8409992	8410017	NA	missing	881391.2	NA	1.2097517	NA	NA	NA	NA	NA	NA	NA	NA	NA	DUP
9	8410018	8890001	NA	479984	10430	3.093496	10407	632	3151	mappable	0.42217172	5	NA	0.11948521707	0.00152671756	0.08397433298	0.10597359	0.10750031	8410018	8410043	8889988	8890014	0.97169851	2	720206.8	48.86117	0.9505431	24.4027	0.6956701	0.39134025	0.94144316	2.1520526	2	1	2:1	3	TCNneutral
9	8890001	9795636	NA	905636	19296	3.082068	19261	658	5941	mappable	0.31529615	13	self	0.01236349576	0.00144300144	0.00637433298	0.10106844	0.10251144	8889988	8890014	9795625	9795636	0.83374172	2	689167.7	44.68831	0.9473411	23.42992	0.6628321	0.32566429	1.03917434	2.0428939	2	1	2:1	3	TCNneutral
9	9795637	9872079	DEL	76443	1726	3.093496	1725	37	533	mappable	0.38752281	5	identical	0.08483630277	0.02631578947	0.08627433298	0.12328862	0.14960441	9795637	9795743	9872033	9872079	0.98713691	2	720206.8	48.86117	0.9505431	24.4027	0.6956701	0.39134025	0.94144316	2.1520526	2	1	2:1	3	TCNneutral
9	9872080	23360041	DEL	13487962	236362	3.082068	235609	12693	68691	mappable	0.304775	13	self	0.00208849576	7.437156e-05	0.00447433298	0.08444103	0.0845154	9872080	9872169	23359956	23360126	0.90128747	2	689167.7	44.68831	0.9473411	23.42992	0.6628321	0.32566429	1.03917434	2.0428939	2	1	2:1	3	TCNneutral
9	23360041	23380014	NA	19974	396	3.093496	396	8	35	mappable	0.37018753	5	identical	0.06750102677	0.125	0.17067433298	0.13999881	0.26499881	23359956	23360126	23379984	23380044	NA	missing	720206.8	48.86117	0.9505431	NA	NA	NA	NA	NA	NA	NA	NA	NA	TCNneutral
9	23380014	29809962	NA	6429950	106960	3.082068	106756	3783	31842	mappable	0.29633333	13	NA	0.00659057826	0.00025081515	0.003775396	0.0884315	0.08868231	23379984	23380044	29809880	29809962	0.90388749	2	689167.7	44.68831	0.9473411	23.42992	0.6628321	0.32566429	1.03917434	2.0428939	2	1	2:1	3	TCNneutral
9	29809963	29820001	NA	10039	184	3.289986	184	0	57	mappable	NA	NA	NA	NA	Inf	0.06042566702	0.15045142	Inf	29809963	29810045	29819970	29820032	NA	missing	731784.4	NA	1.0056	NA	NA	NA	NA	NA	NA	NA	NA	NA	TCNneutral
9	29820001	38759985	NA	8939985	111997	3.082068	111586	5418	31413	mappable	0.30392941	13	NA	0.00208849576	0.00017155601	0.00222566702	0.08661068	0.08678223	29819970	29820032	38759956	38760014	0.90317239	2	689167.7	44.68831	0.9473411	23.42992	0.6628321	0.32566429	1.03917434	2.0428939	2	1	2:1	3	TCNneutral
9	38759985	38769828	NA	9844	173	3.093496	170	12	43	mappable	0.34361999	5	NA	0.04094754748	0.06666666667	0.06012566702	0.15077238	0.21743905	38759956	38760014	38769828	38769828	NA	missing	720206.8	48.86117	0.9505431	NA	NA	NA	NA	NA	NA	NA	NA	NA	TCNneutral
9	66840048	66849972	NA	9925	540	3.506775	503	0	280	mappable	NA	10	NA	0.25075436139	0.02702702703	0.02102566702	0.15063813	0.17766515	66840048	66840048	66849972	66849972	NA	missing	780721	NA	1.0663448	NA	NA	NA	NA	NA	NA	NA	NA	NA	NA
9	68410004	68419976	NA	9973	1130	3.368631	1030	0	356	mappable	NA	15	NA	0.13827537699	0.01	0.02852566702	0.15055919	0.16055919	68410004	68410004	68419976	68419976	NA	missing	749258	NA	1.0276367	NA	NA	NA	NA	NA	NA	NA	NA	NA	NA
9	71030093	95489994	NA	24459904	333145	3.082068	331861	17811	94653	mappable	0.30135	13	self	0.00057895011	5.236973e-05	0.00650882847	0.08148659	0.08153896	71030093	71030093	95489986	95489994	0.91478338	2	689167.7	44.68831	0.9473411	23.42992	0.6628321	0.32566429	1.03917434	2.0428939	2	1	2:1	3	TCNneutral
9	95489995	95510061	NA	20067	266	3.506775	265	0	65	mappable	NA	10	NA	0.1982088923	1	0.07997433298	0.13993317	1.13993317	95489995	95490003	95509984	95510138	NA	missing	780721	NA	1.0663448	NA	NA	NA	NA	NA	NA	NA	NA	NA	NA
9	95510061	95939998	NA	429938	4382	3.093496	4361	260	1109	mappable	0.33553077	5	NA	0.03815580345	0.00355871886	0.01697433298	0.10687318	0.1104319	95509984	95510138	95939974	95940022	0.92047489	2	720206.8	48.86117	0.9505431	24.4027	0.6956701	0.39134025	0.94144316	2.1520526	2	1	2:1	3	TCNneutral
9	95939998	141019791	NA	45079801	624386	3.082068	621658	28978	171199	mappable	0.304775	13	edge	0.00029190264	3.153977e-05	0.00159314955	0.07865971	0.07869125	95939974	95940022	141019791	141019791	0.90463981	2	689167.7	44.68831	0.9473411	23.42992	0.6628321	0.32566429	1.03917434	2.0428939	2	1	2:1	3	TCNneutral
