X.chromosome	start	end	crest	length	tcnNbrOfLoci	tcnMean	tcnNbrOfSNPs	tcnNbrOfHets	dhNbrOfLoci	map	dhMax	cluster	neighbour	distDH	errorSNP	distTcn	errorLength	totalError	minStart	maxStart	minStop	maxStop	area	peaks	meanCovT	meanCovB	tcnMeanRaw	AF	BAF	dhMean	c1Mean	c2Mean	A	B	genotype	TCN	CNA.type
1	840009	12839977	NA	11999976	172229	2.005458	171076	7681	56623	mappable	0.06845	5	edge	0.00093722405	0.000113199	0.0171803451	0.08504657	0.08515977	840009	840009	12839977	12839977	0.16716176	1	639186.5	33.05224	0.8051292	NA	NA	0	1.002729018	1.002729	1	1	1:1	2	TCNneutral
1	13780016	13855003	NA	74988	1331	2.8001607	1319	67	452	mappable	0.29055806	1	NA	0.21853202425	0.01265822785	0.2850346692	0.12349969	0.13615792	13780016	13780016	13849974	13855003	0.983541	2	859318.6	54.37074	1.070062	32.25509	0.6521349	0.3042697	0.974078301	1.8260824	2	1	2:1	3	DUP
1	13855004	14160000	NA	304997	3617	3.098161	3611	151	1241	mappable	0.27434901	3	NA	0.20257638299	0.00636942675	0.3700346692	0.10977891	0.11614834	13855004	13860033	14159828	14160000	0.93865995	2	926337.3	60.49889	1.1694074	31.81678	0.6733405	0.3466809	1.012043853	2.0861171	2	1	2:1	3	DUP
1	14160001	20460020	NA	6300020	88893	2.8001607	88571	3264	30473	mappable	0.29726136	1	NA	0.22529403976	0.00027886224	0.2821346692	0.0885468	0.08882567	14160001	14160173	20459905	20460135	0.89269378	2	859318.6	54.37074	1.070062	32.25509	0.6521349	0.3042697	0.974078301	1.8260824	2	1	2:1	3	DUP
1	20460020	20479977	NA	19958	293	2.9819295	293	13	104	mappable	0.1718375	2	NA	0.10006487309	0.07692307692	0.3763346692	0.14001014	0.21693322	20459905	20460135	20479947	20479977	NA	missing	904902.7	53.47695	1.1306589	NA	NA	NA	NA	NA	NA	NA	NA	NA	DUP
1	20479978	21015014	NA	535037	7757	2.9967858	7725	439	2565	mappable	0.287875	4	NA	0.21750237309	0.00212314225	0.3023346692	0.1051012	0.10722434	20479978	20480008	21009988	21015014	0.92230941	2	899074	57.9679	1.1356116	31.79938	0.6645376	0.3290751	1.005309086	1.9914767	2	1	2:1	3	DUP
1	21015015	21071473	NA	56459	795	3.098161	794	64	241	mappable	0.31491538	3	NA	0.24292486862	0.01538461538	0.4486346692	0.12670324	0.14208786	21015015	21020041	21071456	21071473	0.88278143	2	926337.3	60.49889	1.1694074	31.81678	0.6733405	0.3466809	1.012043853	2.0861171	2	1	2:1	3	DUP
1	21071474	22529971	NA	1458498	17416	2.9967858	17335	530	5834	mappable	0.29686111	4	NA	0.22455942437	0.00163666121	0.3187346692	0.09767508	0.09931174	21071474	21071491	22529927	22529971	0.9338662	2	899074	57.9679	1.1356116	31.79938	0.6645376	0.3290751	1.005309086	1.9914767	2	1	2:1	3	DUP
1	22529972	22550000	NA	20029	364	3.098161	362	29	101	mappable	0.31108947	3	NA	0.2356510573	0.03225806452	0.4218346692	0.13995994	0.17221801	22529972	22530016	22549951	22550049	NA	missing	926337.3	60.49889	1.1694074	NA	NA	NA	NA	NA	NA	NA	NA	NA	DUP
1	22550000	23670027	NA	1120028	15939	2.8001607	15867	716	5379	mappable	0.2952375	1	NA	0.22123513171	0.00126903553	0.2905346692	0.09952673	0.10079577	22549951	22550049	23669983	23670027	0.93755635	2	859318.6	54.37074	1.070062	32.25509	0.6521349	0.3042697	0.974078301	1.8260824	2	1	2:1	3	DUP
1	23670028	23679948	NA	9921	125	3.3237116	125	0	39	mappable	NA	NA	NA	NA	Inf	0.4409346692	0.15064472	Inf	23670028	23670072	23679843	23679948	NA	missing	893476	NA	1.2446	NA	NA	NA	NA	NA	NA	NA	NA	NA	DUP
1	23679949	25859960	NA	2180012	24018	2.9967858	23908	1281	7832	mappable	0.29069767	4	NA	0.21587737309	0.00071890726	0.3340346692	0.09498523	0.09570414	23679949	23680054	25859863	25859960	0.87674675	2	899074	57.9679	1.1356116	31.79938	0.6645376	0.3290751	1.005309086	1.9914767	2	1	2:1	3	DUP
1	25859961	25890024	NA	30064	454	2.8001607	450	11	164	mappable	0.40564668	1	NA	0.22758831013	0.06666666667	0.2534346692	0.13444701	0.20111368	25859961	25860058	25889998	25890050	NA	missing	859318.6	54.37074	1.070062	NA	NA	NA	NA	NA	NA	NA	NA	NA	DUP
1	25890024	34239911	NA	8349888	94107	2.9967858	93662	3060	31571	mappable	0.30161424	4	NA	0.22957737309	0.0002853067	0.3421346692	0.08698176	0.08726707	25889998	25890050	34239769	34239911	0.91530301	2	899074	57.9679	1.1356116	31.79938	0.6645376	0.3290751	1.005309086	1.9914767	2	1	2:1	3	DUP
1	34239912	34259955	NA	20044	353	2.8001607	339	0	114	mappable	NA	1	NA	0.18501035181	0.07142857143	0.2484346692	0.13994937	0.21137794	34239912	34240054	34259898	34260012	NA	missing	859318.6	NA	1.070062	NA	NA	NA	NA	NA	NA	NA	NA	NA	DUP
1	34259955	36010004	NA	1750050	23083	2.9967858	22984	1234	7625	mappable	0.31016563	4	NA	0.23966119662	0.00075018755	0.3360346692	0.09643683	0.09718702	34259898	34260012	36009989	36010019	0.93904799	2	899074	57.9679	1.1356116	31.79938	0.6645376	0.3290751	1.005309086	1.9914767	2	1	2:1	3	DUP
1	36010004	36975114	NA	965112	11347	3.098161	11329	218	3853	mappable	0.30449174	3	NA	0.23373782067	0.00423728814	0.3652005809	0.10060192	0.10483921	36009989	36010019	36969974	36975114	0.88305698	2	926337.3	60.49889	1.1694074	31.81678	0.6733405	0.3466809	1.012043853	2.0861171	2	1	2:1	3	DUP
1	36975115	37039953	NA	64839	982	3.2457816	977	7	316	mappable	0.25595912	6	NA	0.3175376295	0.08333333333	0.4510346692	0.12512063	0.20845396	36975115	36980255	37039899	37039953	NA	missing	914299	60.60317	1.2186202	NA	NA	NA	NA	NA	NA	NA	NA	NA	DUP
1	37039954	37924982	NA	885029	13615	2.8001607	13567	324	4770	mappable	0.28248333	1	NA	0.20688635577	0.00268817204	0.2913346692	0.10123832	0.10392649	37039954	37040008	37919963	37930001	0.91298923	2	859318.6	54.37074	1.070062	32.25509	0.6521349	0.3042697	0.974078301	1.8260824	2	1	2:1	3	DUP
1	37924982	38039999	NA	115018	1245	3.098161	1238	41	420	mappable	0.24611408	3	NA	0.19299689364	0.02083333333	0.3894346692	0.11896618	0.13979952	37919963	37930001	38039997	38039999	0.83440187	2	926337.3	60.49889	1.1694074	31.81678	0.6733405	0.3466809	1.012043853	2.0861171	2	1	2:1	3	DUP
1	38040000	40759999	NA	2720000	31391	2.9967858	31278	1021	10742	mappable	0.30185	4	NA	0.23275237309	0.00088183422	0.3282346692	0.09356648	0.09444832	38040000	38040002	40759964	40759999	0.88264749	2	899074	57.9679	1.1356116	31.79938	0.6645376	0.3290751	1.005309086	1.9914767	2	1	2:1	3	DUP
1	40760000	40819994	NA	59995	861	3.2964149	859	4	275	mappable	0.10967675	NA	NA	0.18057805943	0.16666666667	0.4318346692	0.12600366	0.29267033	40760000	40760035	40819920	40819994	NA	missing	901979.5	53.89394	1.2355	NA	NA	NA	NA	NA	NA	NA	NA	NA	DUP
1	40819995	41829961	NA	1009967	12491	2.9967858	12450	567	4296	mappable	0.3015078	4	NA	0.22507937399	0.00164473684	0.3330346692	0.10027135	0.10191609	40819995	40820069	41829837	41829961	0.9516675	2	899074	57.9679	1.1356116	31.79938	0.6645376	0.3290751	1.005309086	1.9914767	2	1	2:1	3	DUP
1	41829962	42040018	NA	210057	3149	2.8001607	3135	214	1041	mappable	0.30008676	1	NA	0.22831413779	0.00438596491	0.2397346692	0.11311948	0.11750544	41829962	41830086	42039946	42040018	0.94752747	2	859318.6	54.37074	1.070062	32.25509	0.6521349	0.3042697	0.974078301	1.8260824	2	1	2:1	3	DUP
1	42040019	43789911	NA	1749893	24126	2.9967858	24037	1241	8036	mappable	0.29482222	4	NA	0.21850010036	0.0007518797	0.3539346692	0.09643743	0.09718931	42040019	42040091	43789760	43790062	0.88917649	2	899074	57.9679	1.1356116	31.79938	0.6645376	0.3290751	1.005309086	1.9914767	2	1	2:1	3	DUP
1	43789911	43874940	NA	85030	885	2.6603784	885	16	338	mappable	0.2593032	12	NA	0.18753057049	0.0625	0.2291346692	0.1221323	0.1846323	43789760	43790062	43869851	43874940	NA	missing	875368.2	55.62627	1.0234623	NA	NA	NA	NA	NA	NA	NA	NA	NA	NA
1	43874941	52925010	NA	9050070	103002	2.9967858	102675	3485	35331	mappable	0.297925	4	NA	0.22957737309	0.00026232949	0.3328346692	0.0865445	0.08680683	43874941	43880030	52919991	52925010	0.92365965	2	899074	57.9679	1.1356116	31.79938	0.6645376	0.3290751	1.005309086	1.9914767	2	1	2:1	3	DUP
1	52925011	52939996	NA	14986	127	3.3225117	126	0	44	mappable	NA	NA	NA	0.17312533227	1	0.4405346692	0.1441823	1.1441823	52925011	52930030	52939946	52940046	NA	missing	913527.5	NA	1.2442	NA	NA	NA	NA	NA	NA	NA	NA	NA	DUP
1	52939996	63884992	NA	10944997	156026	2.9967858	155468	7187	52792	mappable	0.30215455	4	NA	0.22957737309	0.00012911556	0.3305346692	0.08552941	0.08565853	52939946	52940046	63879938	63890046	0.92076538	2	899074	57.9679	1.1356116	31.79938	0.6645376	0.3290751	1.005309086	1.9914767	2	1	2:1	3	DUP
1	63884992	63939872	NA	54881	651	3.098161	645	67	207	mappable	0.30244651	3	NA	0.22277354046	0.01369863014	0.4164346692	0.12703237	0.140731	63879938	63890046	63939703	63939872	0.93853449	2	926337.3	60.49889	1.1694074	31.81678	0.6733405	0.3466809	1.012043853	2.0861171	2	1	2:1	3	DUP
1	63939873	65348740	NA	1408868	19184	2.9967858	19111	1059	6489	mappable	0.30117143	4	NA	0.22781841786	0.00088339223	0.3245346692	0.09791392	0.09879731	63939873	63940042	65348572	65348740	0.92139523	2	899074	57.9679	1.1356116	31.79938	0.6645376	0.3290751	1.005309086	1.9914767	2	1	2:1	3	DUP
1	65348741	65419378	DUP	70638	947	3.9464366	946	0	305	mappable	NA	NA	NA	0.47539718441	1	0.6485346692	0.1241607	1.1241607	65348741	65348903	65419344	65419378	NA	missing	1159728.6	NA	1.4522	NA	NA	NA	NA	NA	NA	NA	NA	NA	DUP
1	65419379	71140016	DUP	5720638	76138	2.9967858	75872	3694	25681	mappable	0.2945	4	NA	0.22615237309	0.00025252525	0.3366346692	0.08909581	0.08934834	65419379	65419504	71139951	71140081	0.90597149	2	899074	57.9679	1.1356116	31.79938	0.6645376	0.3290751	1.005309086	1.9914767	2	1	2:1	3	DUP
1	71140016	71199968	NA	59953	1104	2.8001607	1104	19	395	mappable	0.30534862	1	NA	0.23357599666	0.05263157895	0.2729346692	0.12601168	0.17864326	71139951	71140081	71199890	71199968	NA	missing	859318.6	54.37074	1.070062	NA	NA	NA	NA	NA	NA	NA	NA	NA	DUP
1	71199969	71725331	NA	525363	6964	2.9967858	6947	328	2415	mappable	0.29932548	4	NA	0.22183050155	0.00289855072	0.3158346692	0.10524679	0.10814534	71199969	71200047	71725099	71725331	0.93216136	2	899074	57.9679	1.1356116	31.79938	0.6645376	0.3290751	1.005309086	1.9914767	2	1	2:1	3	DUP
1	71725332	73066225	DEL	1340896	17649	1.9764347	17596	748	5915	mappable	0.83023125	8	NA	0.75795705808	0.00124843945	0.008620977	0.09825709	0.09950553	71725332	71725343	73066076	73066225	0.98765771	2	635753	58.00012	0.7954536	32.10159	0.997761	0.995522	0.004425202	1.9720095	2	0	2:0	2	TCNneutral;LOH
1	73066226	75574923	DEL	2508698	34151	2.9967858	34080	1113	11768	mappable	0.29846801	4	NA	0.22582380166	0.00084459459	0.3214346692	0.09407998	0.09492458	73066226	73066289	75569842	75574923	0.8646489	2	899074	57.9679	1.1356116	31.79938	0.6645376	0.3290751	1.005309086	1.9914767	2	1	2:1	3	DUP
1	75574924	75600039	NA	25116	238	3.2457816	238	8	88	mappable	0.365	6	NA	0.29322737309	0.125	0.4362346692	0.13683336	0.26183336	75574924	75580005	75599997	75600039	NA	missing	914299	60.60317	1.2186202	NA	NA	NA	NA	NA	NA	NA	NA	NA	DUP
1	75600040	82880004	NA	7279965	102464	2.9967858	102089	4461	35156	mappable	0.29667115	4	NA	0.22272737309	0.00020678246	0.3274346692	0.08773661	0.0879434	75600040	75600082	82879953	82880004	0.90869798	2	899074	57.9679	1.1356116	31.79938	0.6645376	0.3290751	1.005309086	1.9914767	2	1	2:1	3	DUP
1	82880005	82909924	NA	29920	477	2.7531389	476	15	175	mappable	0.34815132	9	NA	0.26874053098	0.0625	0.2679346692	0.13450964	0.19700964	82880005	82880056	82909773	82909924	NA	missing	882470.6	57.44765	1.0543862	NA	NA	NA	NA	NA	NA	NA	NA	NA	DUP
1	82909925	102682173	NA	19772249	258259	2.9967858	257360	9081	88336	mappable	0.29479643	4	NA	0.22272737309	0.0001002004	0.3363346692	0.08251855	0.08261875	82909925	82910076	102682083	102682173	0.92014655	2	899074	57.9679	1.1356116	31.79938	0.6645376	0.3290751	1.005309086	1.9914767	2	1	2:1	3	DUP
1	102682174	102936047	DEL	253874	4027	1.9764347	4010	283	1285	mappable	0.83888023	8	NA	0.76816694489	0.00333333333	0.0027653308	0.11139732	0.11473065	102682174	102682312	102936045	102936047	0.99294189	2	635753	58.00012	0.7954536	32.10159	0.997761	0.995522	0.004425202	1.9720095	2	0	2:0	2	TCNneutral;LOH
1	102936048	105159999	NA	2223953	29231	2.9967858	29111	1946	9604	mappable	0.28271944	4	NA	0.21542431186	0.00048402711	0.3286346692	0.09485553	0.09533956	102936048	102936106	105159985	105159999	0.87420631	2	899074	57.9679	1.1356116	31.79938	0.6645376	0.3290751	1.005309086	1.9914767	2	1	2:1	3	DUP
1	105160000	105189955	NA	29956	553	3.098161	546	34	170	mappable	0.24076699	3	NA	0.18522904533	0.0243902439	0.4059346692	0.13449395	0.15888419	105160000	105160014	105189899	105190011	0.75105951	2	926337.3	60.49889	1.1694074	31.81678	0.6733405	0.3466809	1.012043853	2.0861171	2	1	2:1	3	DUP
1	105189955	110550016	NA	5360062	73160	2.9967858	72917	3140	24671	mappable	0.29794342	4	NA	0.22615237309	0.00029559563	0.3388346692	0.08947017	0.08976577	105189899	105190011	110549878	110550154	0.90692848	2	899074	57.9679	1.1356116	31.79938	0.6645376	0.3290751	1.005309086	1.9914767	2	1	2:1	3	DUP
1	110550016	110759949	NA	209934	3027	2.6603784	3015	68	1112	mappable	0.25667222	12	NA	0.18199880166	0.0125	0.2354346692	0.11312488	0.12562488	110549878	110550154	110759887	110760011	0.92405483	2	875368.2	55.62627	1.0234623	34.35357	0.6563195	0.312639	0.914320224	1.7460582	2	1	2:1	3	NA
1	110759949	111040018	NA	280070	3797	2.9967858	3785	334	1205	mappable	0.29422222	4	NA	0.22244959531	0.00289017341	0.3122346692	0.11052516	0.11341533	110759887	110760011	111039981	111040055	0.92789704	2	899074	57.9679	1.1356116	31.79938	0.6645376	0.3290751	1.005309086	1.9914767	2	1	2:1	3	DUP
1	111040018	111090001	NA	49984	866	2.6603784	866	6	321	mappable	0.25530532	12	NA	0.18353269581	0.16666666667	0.2197346692	0.12812974	0.29479641	111039981	111040055	111089884	111090118	NA	missing	875368.2	55.62627	1.0234623	NA	NA	NA	NA	NA	NA	NA	NA	NA	NA
1	111090001	114550015	NA	3460015	44248	2.9967858	44088	2090	14877	mappable	0.30135	4	NA	0.22957737309	0.00044444444	0.3358346692	0.09207108	0.09251553	111089884	111090118	114549968	114550062	0.93045393	2	899074	57.9679	1.1356116	31.79938	0.6645376	0.3290751	1.005309086	1.9914767	2	1	2:1	3	DUP
1	114550015	114678604	NA	128590	2000	2.8001607	1998	62	722	mappable	0.28729892	1	NA	0.21556828218	0.015625	0.2561346692	0.11783824	0.13346324	114549968	114550062	114678581	114678604	0.92709596	2	859318.6	54.37074	1.070062	32.25509	0.6521349	0.3042697	0.974078301	1.8260824	2	1	2:1	3	DUP
1	114678605	119300083	NA	4621479	62173	2.9967858	62017	2889	21102	mappable	0.29132778	4	NA	0.21850010036	0.00032851511	0.3383346692	0.09033455	0.09066307	114678605	114678628	119299965	119300083	0.9317676	2	899074	57.9679	1.1356116	31.79938	0.6645376	0.3290751	1.005309086	1.9914767	2	1	2:1	3	DUP
1	119300084	119310003	NA	9920	195	3.098161	166	0	52	mappable	NA	3	NA	0.21769170418	0.03448275862	0.4137346692	0.15064637	0.18512913	119300084	119300202	119309998	119310008	NA	missing	926337.3	NA	1.1694074	NA	NA	NA	NA	NA	NA	NA	NA	NA	DUP
1	119310003	120529963	NA	1219961	14993	2.9967858	14955	650	5158	mappable	0.28876481	4	NA	0.21786341205	0.00145348837	0.3159346692	0.09891978	0.10037327	119309998	119310008	120529963	120529963	0.93704346	2	899074	57.9679	1.1356116	31.79938	0.6645376	0.3290751	1.005309086	1.9914767	2	1	2:1	3	DUP
1	121220004	121229986	NA	9983	177	3.1530322	177	2	65	mappable	0.12103161	NA	NA	0.04925898736	0.5	0.3840346692	0.15054281	0.65054281	121220004	121220004	121229986	121229986	NA	missing	912432	52.9703	1.1877	NA	NA	NA	NA	NA	NA	NA	NA	NA	DUP
1	144010127	144019970	NA	9844	155	3.098161	81	0	38	mappable	NA	3	NA	0.2580859045	0.01351351351	0.3495346692	0.15077238	0.16428589	144010127	144010127	144019970	144019970	NA	missing	926337.3	NA	1.1694074	NA	NA	NA	NA	NA	NA	NA	NA	NA	DUP
1	144920087	145739956	NA	819870	6378	3.00485	5847	172	2231	mappable	0.29268663	NA	NA	0.02044762691	0.00142247511	0.3346346692	0.10180689	0.10322937	144920087	144920087	145739956	145739956	0.86732898	2	1554740.6	99.77429	1.1383	54.8598	0.6610655	0.322131	1.0184473	1.9864027	2	1	2:1	3	DUP
1	146540101	147829895	NA	1289795	11686	2.9967858	11661	597	3929	mappable	0.29676975	4	NA	0.22499712227	0.00160771704	0.3215346692	0.09852843	0.10013614	146540101	146540101	147829895	147829895	0.94939045	2	899074	57.9679	1.1356116	31.79938	0.6645376	0.3290751	1.005309086	1.9914767	2	1	2:1	3	DUP
1	149815060	157919931	NA	8104872	90553	2.9967858	90195	3178	30338	mappable	0.29155112	4	NA	0.21930237309	0.00028280543	0.3389346692	0.08714461	0.08742742	149815060	149815060	157919862	157920000	0.91968951	2	899074	57.9679	1.1356116	31.79938	0.6645376	0.3290751	1.005309086	1.9914767	2	1	2:1	3	DUP
1	157919931	158090021	NA	170091	2540	2.7531389	2531	149	880	mappable	0.30411449	9	NA	0.23435818704	0.00632911392	0.2386346692	0.11510164	0.12143075	157919862	157920000	158089907	158090135	0.94763707	2	882470.6	57.44765	1.0543862	33.61658	0.6734519	0.3469037	0.899032409	1.8541065	2	1	2:1	3	DUP
1	158090021	159759978	NA	1669958	24383	2.9967858	24316	979	8110	mappable	0.28641419	4	NA	0.21429027389	0.00095602294	0.3379346692	0.09675213	0.09770815	158089907	158090135	159759955	159759978	0.90787725	2	899074	57.9679	1.1356116	31.79938	0.6645376	0.3290751	1.005309086	1.9914767	2	1	2:1	3	DUP
1	159759979	159884949	NA	124971	2032	2.8001607	2031	69	741	mappable	0.26311114	1	NA	0.19328761405	0.01428571429	0.2550346692	0.11812488	0.1324106	159759979	159760002	159879881	159890017	0.72656144	2	859318.6	54.37074	1.070062	32.25509	0.6521349	0.3042697	0.974078301	1.8260824	2	1	2:1	3	DUP
1	159884949	162826072	NA	2941124	36488	2.9967858	36366	1763	12269	mappable	0.30055	4	NA	0.22585237309	0.00053050398	0.3287346692	0.09307548	0.09360599	159879881	159890017	162825937	162826072	0.8550869	2	899074	57.9679	1.1356116	31.79938	0.6645376	0.3290751	1.005309086	1.9914767	2	1	2:1	3	DUP
1	162826073	162832711	INV	6639	99	3.7172642	90	0	32	mappable	NA	NA	NA	0.37499926285	0.11111111111	0.5721346692	0.15752062	0.26863173	162826073	162826094	162832682	162832711	NA	missing	1125644.6	NA	1.3758	NA	NA	NA	NA	NA	NA	NA	NA	NA	DUP
1	162832712	162832951	INV	240	3	4.1066173	3	0	1	mappable	NA	NA	NA	NA	Inf	0.7019346692	0.25294393	Inf	162832712	162832715	162832924	162832951	NA	missing	1214080	NA	1.5056	NA	NA	NA	NA	NA	NA	NA	NA	NA	DUP
1	162832952	162964707	INV	131756	2075	4.0649223	2074	59	720	mappable	0.44022328	NA	NA	0.36810738207	0.01666666667	0.6880346692	0.11759512	0.13426178	162832952	162832954	162964699	162964707	0.99931049	2	1186458.2	85.68865	1.4917	31.94655	0.7446164	0.4892329	1.038114287	3.026808	3	1	3:1	4	DUP
1	162964708	168229960	INV	5265253	77147	2.9967858	76814	4686	25908	mappable	0.2945	4	NA	0.22272737309	0.00019924288	0.3302346692	0.08957334	0.08977259	162964708	162964751	168229912	168230008	0.9018729	2	899074	57.9679	1.1356116	31.79938	0.6645376	0.3290751	1.005309086	1.9914767	2	1	2:1	3	DUP
1	168229960	168250098	NA	20139	321	3.4412974	321	0	101	mappable	NA	NA	NA	NA	Inf	0.4801346692	0.1398826	Inf	168229912	168230008	168249979	168250098	NA	missing	914885.6	NA	1.2838	NA	NA	NA	NA	NA	NA	NA	NA	NA	DUP
1	168250099	179429984	NA	11179886	146112	2.9967858	145617	6179	49574	mappable	0.29640671	4	NA	0.22272737309	0.00014983518	0.3280346692	0.08541751	0.08556735	168250099	168250218	179419949	179440019	0.91740129	2	899074	57.9679	1.1356116	31.79938	0.6645376	0.3290751	1.005309086	1.9914767	2	1	2:1	3	DUP
1	179429984	179459958	NA	29975	425	2.8001607	419	123	100	mappable	0.26030644	1	NA	0.18582737309	0.00775193798	0.2831346692	0.13448568	0.14223762	179419949	179440019	179459850	179459958	0.9413326	2	859318.6	54.37074	1.070062	32.25509	0.6521349	0.3042697	0.974078301	1.8260824	2	1	2:1	3	DUP
1	179459959	184420000	NA	4960042	68700	2.9967858	68431	3670	22799	mappable	0.28765	4	NA	0.21587737309	0.00025387154	0.3319346692	0.08992029	0.09017416	179459959	179460067	184419989	184420000	0.92124612	2	899074	57.9679	1.1356116	31.79938	0.6645376	0.3290751	1.005309086	1.9914767	2	1	2:1	3	DUP
1	184420001	184450023	NA	30023	439	2.7531389	436	38	153	mappable	0.31050463	9	NA	0.24086441013	0.0243902439	0.2568346692	0.13446481	0.15885505	184420001	184420012	184449985	184450061	0.96237838	2	882470.6	57.44765	1.0543862	33.61658	0.6734519	0.3469037	0.899032409	1.8541065	2	1	2:1	3	DUP
1	184450023	186110014	NA	1659992	22940	2.9967858	22877	748	7957	mappable	0.27181912	4	NA	0.20349749504	0.00123304562	0.3273346692	0.09679256	0.09802561	184449985	184450061	186109999	186110029	0.94321319	2	899074	57.9679	1.1356116	31.79938	0.6645376	0.3290751	1.005309086	1.9914767	2	1	2:1	3	DUP
1	186110014	186120053	NA	10040	161	3.3720058	161	2	56	mappable	0.24734706	NA	NA	0.17557443191	0.5	0.4570346692	0.15044979	0.65044979	186109999	186110029	186119967	186120139	NA	missing	913858.9	53.8236	1.2607	NA	NA	NA	NA	NA	NA	NA	NA	NA	DUP
1	186120053	196290025	NA	10169973	149459	2.9967858	149000	7719	50268	mappable	0.29181418	4	NA	0.21930237309	0.00012227929	0.3299346692	0.08591873	0.08604101	186119967	186120139	196289959	196290025	0.93648635	2	899074	57.9679	1.1356116	31.79938	0.6645376	0.3290751	1.005309086	1.9914767	2	1	2:1	3	DUP
1	196290026	196299930	NA	9905	113	2.6603784	113	1	41	mappable	0.26	12	NA	0.18822737309	1	0.2328346692	0.15067115	1.15067115	196290026	196290092	196299809	196299930	NA	missing	875368.2	55.62627	1.0234623	NA	NA	NA	NA	NA	NA	NA	NA	NA	NA
1	196299931	200949940	NA	4650010	59739	2.9967858	59555	2278	20486	mappable	0.30407647	4	NA	0.22957737309	0.00040617384	0.3335346692	0.09029834	0.09070451	196299931	196300052	200949880	200950000	0.8976005	2	899074	57.9679	1.1356116	31.79938	0.6645376	0.3290751	1.005309086	1.9914767	2	1	2:1	3	DUP
1	200949940	201060023	NA	110084	1774	2.6603784	1769	152	588	mappable	0.25965772	12	NA	0.18690368888	0.00636942675	0.2448346692	0.1194155	0.12578492	200949880	200950000	201059996	201060023	0.91450987	2	875368.2	55.62627	1.0234623	34.35357	0.6563195	0.312639	0.914320224	1.7460582	2	1	2:1	3	NA
1	201060024	201129968	NA	69945	1197	3.098161	1196	54	419	mappable	0.33668043	3	NA	0.26490780787	0.01818181818	0.3877346692	0.12427043	0.14245225	201060024	201060051	201129874	201129968	0.94453504	2	926337.3	60.49889	1.1694074	31.81678	0.6733405	0.3466809	1.012043853	2.0861171	2	1	2:1	3	DUP
1	201129969	201539999	NA	410031	6790	2.8001607	6752	188	2308	mappable	0.28640787	1	NA	0.21140648806	0.00442477876	0.2938346692	0.10726522	0.11168999	201129969	201130063	201539989	201540009	0.89428429	2	859318.6	54.37074	1.070062	32.25509	0.6521349	0.3042697	0.974078301	1.8260824	2	1	2:1	3	DUP
1	201539999	201749940	NA	209942	3128	2.6603784	3120	198	1120	mappable	0.26057443	12	NA	0.18880179838	0.00485436893	0.2132346692	0.11312453	0.1179789	201539989	201540009	201749848	201750032	0.75615672	2	875368.2	55.62627	1.0234623	34.35357	0.6563195	0.312639	0.914320224	1.7460582	2	1	2:1	3	NA
1	201749940	206220019	NA	4470080	53380	2.9967858	53159	2856	17891	mappable	0.30366154	4	NA	0.22957737309	0.00032499188	0.3031346692	0.09053104	0.09085604	201749848	201750032	206219977	206220019	0.87667793	2	899074	57.9679	1.1356116	31.79938	0.6645376	0.3290751	1.005309086	1.9914767	2	1	2:1	3	DUP
1	206220020	206285019	NA	65000	985	3.2457816	980	6	355	mappable	0.37174842	6	NA	0.30414353163	0.09090909091	0.3902346692	0.12509263	0.21600172	206220020	206220062	206279975	206290063	NA	missing	914299	60.60317	1.2186202	NA	NA	NA	NA	NA	NA	NA	NA	NA	DUP
1	206285019	207070039	NA	785021	7630	2.9967858	7613	353	2530	mappable	0.28176389	4	NA	0.21021626198	0.0027027027	0.3166346692	0.10213267	0.10483538	206279975	206290063	207069906	207070039	0.94744655	2	899074	57.9679	1.1356116	31.79938	0.6645376	0.3290751	1.005309086	1.9914767	2	1	2:1	3	DUP
1	207070040	207149956	NA	79917	1151	2.7531389	1150	55	388	mappable	0.3197961	9	NA	0.24400343772	0.01785714286	0.2322346692	0.12280324	0.14066039	207070040	207070173	207149913	207149956	0.94327723	2	882470.6	57.44765	1.0543862	33.61658	0.6734519	0.3469037	0.899032409	1.8541065	2	1	2:1	3	DUP
1	207149957	208239974	NA	1090018	12089	2.9967858	12053	591	4009	mappable	0.30147394	4	NA	0.22967737309	0.00159489633	0.3467346692	0.09972118	0.10131607	207149957	207150000	208239939	208239974	0.89568802	2	899074	57.9679	1.1356116	31.79938	0.6645376	0.3290751	1.005309086	1.9914767	2	1	2:1	3	DUP
1	208239975	208540000	NA	300026	4723	2.7531389	4693	235	1667	mappable	0.30190985	9	NA	0.23571202005	0.00377358491	0.2239346692	0.10992195	0.11369554	208239975	208240010	208539958	208540042	0.95570131	2	882470.6	57.44765	1.0543862	33.61658	0.6734519	0.3469037	0.899032409	1.8541065	2	1	2:1	3	DUP
1	208540000	221199992	NA	12659993	180255	2.9967858	179718	8623	61960	mappable	0.2945	4	NA	0.22272737309	0.00010917031	0.3203346692	0.08476813	0.0848773	208539958	208540042	221199973	221199992	0.913683	2	899074	57.9679	1.1356116	31.79938	0.6645376	0.3290751	1.005309086	1.9914767	2	1	2:1	3	DUP
1	221199993	221224919	NA	24927	279	3.1743296	279	0	98	mappable	NA	NA	NA	NA	Inf	0.3911346692	0.13693545	Inf	221199993	221200012	221219789	221224919	NA	missing	929149.6	NA	1.1948	NA	NA	NA	NA	NA	NA	NA	NA	NA	DUP
1	221224920	227509966	NA	6285047	77591	2.9967858	77245	4524	25764	mappable	0.30180357	4	NA	0.22957737309	0.00020533881	0.3229346692	0.08856026	0.0887656	221224920	221230050	227509918	227510014	0.91855266	2	899074	57.9679	1.1356116	31.79938	0.6645376	0.3290751	1.005309086	1.9914767	2	1	2:1	3	DUP
1	227509966	227519982	NA	10017	174	3.2457816	174	24	52	mappable	0.41971605	6	NA	0.34794342247	0.04166666667	0.4259346692	0.15048725	0.19215391	227509918	227510014	227519964	227519982	NA	missing	914299	60.60317	1.2186202	NA	NA	NA	NA	NA	NA	NA	NA	NA	DUP
1	227519983	238039999	NA	10520017	154038	2.9967858	153332	7477	51538	mappable	0.2973	4	NA	0.22615237309	0.00012220457	0.3330346692	0.0857389	0.08586111	227519983	227520001	238039974	238039999	0.90290015	2	899074	57.9679	1.1356116	31.79938	0.6645376	0.3290751	1.005309086	1.9914767	2	1	2:1	3	DUP
1	238040000	238059963	NA	19964	440	2.8001607	436	51	126	mappable	0.27428248	1	NA	0.19479810722	0.01818181818	0.2631346692	0.14000589	0.15818771	238040000	238040025	238059867	238059963	0.59597162	2	859318.6	54.37074	1.070062	32.25509	0.6521349	0.3042697	0.974078301	1.8260824	2	1	2:1	3	DUP
1	238059964	238910035	NA	850072	13762	2.9967858	13681	1457	4287	mappable	0.28022941	4	NA	0.20845678485	0.00065019506	0.3323346692	0.10153714	0.10218734	238059964	238060060	238909981	238910089	0.8186369	2	899074	57.9679	1.1356116	31.79938	0.6645376	0.3290751	1.005309086	1.9914767	2	1	2:1	3	DUP
1	238910035	238930000	NA	19966	353	2.8329707	349	26	124	mappable	0.44553238	NA	NA	0.38091625043	0.03333333333	0.2773346692	0.14000447	0.17333781	238909981	238910089	238929990	238930010	NA	missing	883568.7	56.45949	1.081	NA	NA	NA	NA	NA	NA	NA	NA	NA	DUP
1	238930000	249209945	NA	10279946	141643	2.9967858	140955	7634	46385	mappable	0.28765	4	edge	0.21587737309	0.00012016342	0.3356346692	0.08586149	0.08598165	238929990	238930010	249209945	249209945	0.90491575	2	899074	57.9679	1.1356116	31.79938	0.6645376	0.3290751	1.005309086	1.9914767	2	1	2:1	3	DUP
12	160107	289981	NA	129875	1988	2.6603784	1858	47	624	mappable	0.31837262	12	edge	0.16132261118	0.00564971751	0.2327346692	0.11773873	0.12338844	160107	160107	289907	290055	0.92884677	2	875368.2	55.62627	1.0234623	34.35357	0.6563195	0.312639	0.914320224	1.7460582	2	1	2:1	3	NA
12	289981	3289997	NA	3000017	45789	2.9967858	45529	1633	15412	mappable	0.29375213	4	NA	0.22272737309	0.00052826202	0.3307346692	0.09295175	0.09348001	289907	290055	3289945	3289997	0.89573858	2	899074	57.9679	1.1356116	31.79938	0.6645376	0.3290751	1.005309086	1.9914767	2	1	2:1	3	DUP
12	3289998	3460014	NA	170017	3195	2.6603784	3185	146	1071	mappable	0.24400222	12	NA	0.16964520009	0.00641025641	0.2171346692	0.1151058	0.12151605	3289998	3290050	3459978	3460014	0.89138548	2	875368.2	55.62627	1.0234623	34.35357	0.6563195	0.312639	0.914320224	1.7460582	2	1	2:1	3	NA
12	3460015	11215004	NA	7754990	97542	2.9967858	97136	5072	32313	mappable	0.28768284	4	NA	0.21523987309	0.00018254838	0.3305346692	0.08738702	0.08756957	3460015	3460051	11209997	11220011	0.90715349	2	899074	57.9679	1.1356116	31.79938	0.6645376	0.3290751	1.005309086	1.9914767	2	1	2:1	3	DUP
12	11215004	11363225	NA	148222	2000	2.6603784	1986	173	279	mappable	0.29129698	12	NA	0.2147295243	0.00534759358	0.2081346692	0.11643206	0.12177965	11209997	11220011	11363220	11363230	0.96254951	2	875368.2	55.62627	1.0234623	34.35357	0.6563195	0.312639	0.914320224	1.7460582	2	1	2:1	3	NA
12	11363225	14429985	NA	3066761	43381	2.9967858	43226	1495	14859	mappable	0.29355165	4	NA	0.22193658362	0.00060606061	0.3198346692	0.09281481	0.09342087	11363220	11363230	14429827	14429985	0.90461382	2	899074	57.9679	1.1356116	31.79938	0.6645376	0.3290751	1.005309086	1.9914767	2	1	2:1	3	DUP
12	14429986	14454989	NA	25004	286	3.2391218	286	0	82	mappable	NA	NA	NA	NA	Inf	0.4127346692	0.13689375	Inf	14429986	14430144	14449961	14460017	NA	missing	900103.6	NA	1.2164	NA	NA	NA	NA	NA	NA	NA	NA	NA	DUP
12	14454989	34409951	NA	19954963	274765	2.9967858	273677	13952	91680	mappable	0.29750714	4	NA	0.22615237309	6.649378e-05	0.3300346692	0.0824734	0.08253989	14449961	14460017	34389874	34409951	0.90563805	2	899074	57.9679	1.1356116	31.79938	0.6645376	0.3290751	1.005309086	1.9914767	2	1	2:1	3	DUP
12	34409952	34550010	NA	140059	2994	2.6603784	2994	218	1067	mappable	0.25372435	12	NA	0.18195172374	0.00458715596	0.2378346692	0.11698865	0.12157581	34409952	34430029	34549991	34550029	0.90743291	2	875368.2	55.62627	1.0234623	34.35357	0.6563195	0.312639	0.914320224	1.7460582	2	1	2:1	3	NA
12	34550010	34560007	NA	9998	333	3.098161	331	12	125	mappable	0.28288644	3	NA	0.21720237309	0.07142857143	0.3896346692	0.15051827	0.22194684	34549991	34550029	34559994	34560020	NA	missing	926337.3	60.49889	1.1694074	NA	NA	NA	NA	NA	NA	NA	NA	NA	DUP
12	34560007	34819969	NA	259963	6643	2.8001607	6641	339	2603	mappable	0.28750213	1	NA	0.21572950075	0.00293255132	0.2740346692	0.11118556	0.11411811	34559994	34560020	34819969	34819969	0.95597752	2	859318.6	54.37074	1.070062	32.25509	0.6521349	0.3042697	0.974078301	1.8260824	2	1	2:1	3	DUP
12	38000003	40869940	NA	2869938	46201	2.9967858	45921	2330	16142	mappable	0.29908026	4	NA	0.22615237309	0.00038314176	0.3087346692	0.09322884	0.09361199	38000003	38000003	40869865	40869940	0.95174255	2	899074	57.9679	1.1356116	31.79938	0.6645376	0.3290751	1.005309086	1.9914767	2	1	2:1	3	DUP
12	40869941	40884975	NA	15035	252	3.098161	248	12	65	mappable	0.30061257	3	NA	0.22993167557	0.0625	0.4598346692	0.14413337	0.20663337	40869941	40870016	40879937	40890013	NA	missing	926337.3	60.49889	1.1694074	NA	NA	NA	NA	NA	NA	NA	NA	NA	DUP
12	40884975	45520108	NA	4635136	66552	2.9967858	66317	3532	22429	mappable	0.28772692	4	NA	0.21569986908	0.00026546323	0.3301152048	0.09031718	0.09058265	40879937	40890013	45519962	45520108	0.94367804	2	899074	57.9679	1.1356116	31.79938	0.6645376	0.3290751	1.005309086	1.9914767	2	1	2:1	3	DUP
12	45520109	45530015	NA	9907	188	2.6603784	188	7	66	mappable	0.26591797	12	NA	0.19414534814	0.14285714286	0.2357346692	0.15066784	0.29352499	45520109	45520255	45529984	45530015	NA	missing	875368.2	55.62627	1.0234623	NA	NA	NA	NA	NA	NA	NA	NA	NA	NA
12	45530016	50240001	NA	4709986	57056	2.9967858	56895	2506	19318	mappable	0.29479271	4	NA	0.22272737309	0.00037495313	0.3332346692	0.09022302	0.09059797	45530016	45530047	50239974	50240028	0.92131826	2	899074	57.9679	1.1356116	31.79938	0.6645376	0.3290751	1.005309086	1.9914767	2	1	2:1	3	DUP
12	50240001	50280032	NA	40032	514	2.8001607	505	35	143	mappable	0.26873878	1	NA	0.19459725261	0.02272727273	0.2744346692	0.13081415	0.15354142	50239974	50240028	50279959	50280032	0.89491098	2	859318.6	54.37074	1.070062	32.25509	0.6521349	0.3042697	0.974078301	1.8260824	2	1	2:1	3	DUP
12	50280033	53059972	NA	2779940	33784	2.9967858	33700	1075	11462	mappable	0.28086514	4	NA	0.20924289033	0.00086281277	0.3371346692	0.09342903	0.09429184	50280033	50280106	53059929	53060015	0.91487164	2	899074	57.9679	1.1356116	31.79938	0.6645376	0.3290751	1.005309086	1.9914767	2	1	2:1	3	DUP
12	53059972	53255024	NA	195053	3621	2.8001607	3614	165	1244	mappable	0.28427453	1	NA	0.21250190444	0.00581395349	0.2499346692	0.11380768	0.11962163	53059929	53060015	53249944	53255024	0.95136478	2	859318.6	54.37074	1.070062	32.25509	0.6521349	0.3042697	0.974078301	1.8260824	2	1	2:1	3	DUP
12	53255025	54490015	NA	1234991	12518	2.9967858	12475	294	4263	mappable	0.29917329	4	NA	0.23260682514	0.00296735905	0.3275346692	0.09883342	0.10180078	53255025	53260105	54459980	54490015	0.85096279	2	899074	57.9679	1.1356116	31.79938	0.6645376	0.3290751	1.005309086	1.9914767	2	1	2:1	3	DUP
12	54490016	55019961	NA	529946	5387	2.8001607	5371	249	1873	mappable	0.3065949	1	NA	0.2287654919	0.00377358491	0.2596346692	0.10517743	0.10895102	54490016	54520051	55019912	55019961	0.94766772	2	859318.6	54.37074	1.070062	32.25509	0.6521349	0.3042697	0.974078301	1.8260824	2	1	2:1	3	DUP
12	55019962	55915011	NA	895050	12003	3.098161	11949	748	3914	mappable	0.30736125	3	NA	0.23669074419	0.00124688279	0.3580156823	0.10115515	0.10240203	55019962	55020011	55909985	55915011	0.94846522	2	926337.3	60.49889	1.1694074	31.81678	0.6733405	0.3466809	1.012043853	2.0861171	2	1	2:1	3	DUP
12	55915012	56100104	NA	185093	2151	2.9967858	2145	55	744	mappable	0.33495921	4	NA	0.26109053098	0.01639344262	0.3401346692	0.11429949	0.13069293	55915012	55920038	56099993	56100104	0.8554678	2	899074	57.9679	1.1356116	31.79938	0.6645376	0.3290751	1.005309086	1.9914767	2	1	2:1	3	DUP
12	56100105	56199996	NA	99892	1282	2.8001607	1277	8	436	mappable	0.38663382	1	NA	0.21063381188	0.07692307692	0.2650346692	0.1204233	0.19734638	56100105	56100216	56199958	56200034	NA	missing	859318.6	54.37074	1.070062	NA	NA	NA	NA	NA	NA	NA	NA	NA	DUP
12	56199996	57724958	NA	1524963	14679	2.9967858	14610	428	4973	mappable	0.28332206	4	NA	0.20807737309	0.00201207243	0.3246346692	0.09736936	0.09938143	56199958	56200034	57719891	57724958	0.93878799	2	899074	57.9679	1.1356116	31.79938	0.6645376	0.3290751	1.005309086	1.9914767	2	1	2:1	3	DUP
12	57724959	57780023	NA	55065	517	3.098161	517	3	158	mappable	0.27001138	3	NA	0.19823875753	0.33333333333	0.3989346692	0.12699342	0.46032675	57724959	57730026	57779942	57780023	NA	missing	926337.3	60.49889	1.1694074	NA	NA	NA	NA	NA	NA	NA	NA	NA	DUP
12	57780024	59920041	NA	2140018	27557	2.9967858	27490	837	9595	mappable	0.28574211	4	NA	0.21568172091	0.00110619469	0.3279346692	0.09510589	0.09621209	57780024	57780105	59919979	59920041	0.92006785	2	899074	57.9679	1.1356116	31.79938	0.6645376	0.3290751	1.005309086	1.9914767	2	1	2:1	3	DUP
12	59920042	59960009	NA	39968	736	3.098161	734	16	271	mappable	0.34742004	3	NA	0.26818708383	0.05555555556	0.4082346692	0.1308339	0.18638946	59920042	59920104	59959990	59960009	NA	missing	926337.3	60.49889	1.1694074	NA	NA	NA	NA	NA	NA	NA	NA	NA	DUP
12	59960010	61180028	NA	1220019	17340	2.9967858	17286	528	6041	mappable	0.28160391	4	NA	0.21105149678	0.00171821306	0.3289346692	0.09891944	0.10063766	59960010	59960029	61179959	61180097	0.94944051	2	899074	57.9679	1.1356116	31.79938	0.6645376	0.3290751	1.005309086	1.9914767	2	1	2:1	3	DUP
12	61180028	61189927	NA	9900	213	2.6955873	209	0	74	mappable	NA	NA	NA	0.30509711546	0.25	0.2315346692	0.15067942	0.40067942	61179959	61180097	61189846	61189927	NA	missing	877762	NA	1.0352	NA	NA	NA	NA	NA	NA	NA	NA	NA	NA
12	61189928	68309989	NA	7120062	94206	2.9967858	93842	5048	31946	mappable	0.28765	4	NA	0.21587737309	0.00018477458	0.3236346692	0.08786011	0.08804489	61189928	61190009	68309916	68309989	0.90214216	2	899074	57.9679	1.1356116	31.79938	0.6645376	0.3290751	1.005309086	1.9914767	2	1	2:1	3	DUP
12	68309990	68340039	NA	30050	464	3.1803289	464	12	154	mappable	0.16413596	NA	NA	0.09236332814	0.08333333333	0.3931346692	0.13445308	0.21778642	68309990	68310063	68339939	68340039	NA	missing	930983.9	54.29723	1.1968	NA	NA	NA	NA	NA	NA	NA	NA	NA	DUP
12	68340040	71039994	NA	2699955	37196	2.9967858	37051	2138	12369	mappable	0.30135	4	NA	0.22615237309	0.00043802015	0.3292346692	0.09361322	0.09405124	68340040	68340140	71039967	71039994	0.89492995	2	899074	57.9679	1.1356116	31.79938	0.6645376	0.3290751	1.005309086	1.9914767	2	1	2:1	3	DUP
12	71039995	71050048	NA	10054	137	3.2673184	122	0	41	mappable	NA	NA	NA	0.14616981279	0.06666666667	0.4221346692	0.15042704	0.21709371	71039995	71040022	71049894	71050202	NA	missing	926792.2	NA	1.2258	NA	NA	NA	NA	NA	NA	NA	NA	NA	DUP
12	71050048	74300139	NA	3250092	44828	2.9967858	44706	1780	15315	mappable	0.29718855	4	NA	0.22615237309	0.00052576236	0.3287346692	0.09245541	0.09298117	71049894	71050202	74299827	74300451	0.8659295	2	899074	57.9679	1.1356116	31.79938	0.6645376	0.3290751	1.005309086	1.9914767	2	1	2:1	3	DUP
12	74300139	74325033	NA	24895	266	2.8680665	266	1	95	mappable	0.10588235	NA	NA	0.03410972603	1	0.2890346692	0.13695283	1.13695283	74299827	74300451	74319976	74330090	NA	missing	897103.1	49.60452	1.0927	NA	NA	NA	NA	NA	NA	NA	NA	NA	DUP
12	74325033	78490038	NA	4165006	58291	2.9967858	58130	2218	20069	mappable	0.297925	4	NA	0.22615237309	0.00042034468	0.3310346692	0.0909509	0.09137124	74319976	74330090	78489965	78490038	0.89025079	2	899074	57.9679	1.1356116	31.79938	0.6645376	0.3290751	1.005309086	1.9914767	2	1	2:1	3	DUP
12	78490039	78509928	NA	19890	335	3.098161	334	26	88	mappable	0.26906264	3	NA	0.19625573179	0.03703703704	0.3989346692	0.14005842	0.17709546	78490039	78490112	78509784	78510072	NA	missing	926337.3	60.49889	1.1694074	NA	NA	NA	NA	NA	NA	NA	NA	NA	DUP
12	78509928	78869984	NA	360057	5366	2.9967858	5348	266	1876	mappable	0.31358814	4	NA	0.25175788156	0.00352112676	0.3322346692	0.10835489	0.11187602	78509784	78510072	78869920	78870048	0.94385533	2	899074	57.9679	1.1356116	31.79938	0.6645376	0.3290751	1.005309086	1.9914767	2	1	2:1	3	DUP
12	78869984	78890014	NA	20031	337	3.2586194	337	0	119	mappable	NA	NA	NA	NA	Inf	0.4192346692	0.13995853	Inf	78869920	78870048	78889958	78890070	NA	missing	939359.3	NA	1.2229	NA	NA	NA	NA	NA	NA	NA	NA	NA	DUP
12	78890014	93110001	NA	14219988	189488	2.9967858	188896	7193	65080	mappable	0.2947	4	NA	0.22272737309	0.00012845215	0.3228346692	0.08417006	0.08429852	78889958	78890070	93109968	93110034	0.92640203	2	899074	57.9679	1.1356116	31.79938	0.6645376	0.3290751	1.005309086	1.9914767	2	1	2:1	3	DUP
12	93110001	93130004	NA	20004	320	2.7531389	290	0	121	mappable	NA	9	NA	0.25318173817	0.03333333333	0.2587346692	0.13997759	0.17331093	93109968	93110034	93129961	93130047	NA	missing	882470.6	NA	1.0543862	NA	NA	NA	NA	NA	NA	NA	NA	NA	DUP
12	93130004	94489997	NA	1359994	19320	2.9967858	19248	1127	6550	mappable	0.300113	4	NA	0.22834036898	0.00083402836	0.3309346692	0.0981587	0.09899272	93129961	93130047	94489965	94489997	0.94744204	2	899074	57.9679	1.1356116	31.79938	0.6645376	0.3290751	1.005309086	1.9914767	2	1	2:1	3	DUP
12	94489998	94520117	NA	30120	537	2.9819295	536	14	184	mappable	0.17938765	2	NA	0.0991343008	0.06666666667	0.3754346692	0.13442275	0.20108941	94489998	94490030	94519957	94520277	NA	missing	904902.7	53.47695	1.1306589	NA	NA	NA	NA	NA	NA	NA	NA	NA	DUP
12	94520117	94580063	NA	59947	899	2.7531389	897	47	320	mappable	0.35564231	9	NA	0.28595301411	0.02040816327	0.2905346692	0.12601283	0.14642099	94519957	94520277	94579943	94580183	0.92824334	2	882470.6	57.44765	1.0543862	33.61658	0.6734519	0.3469037	0.899032409	1.8541065	2	1	2:1	3	DUP
12	94580063	94599979	NA	19917	313	3.098161	312	2	94	mappable	0.30293886	3	NA	0.2094371543	0.33333333333	0.4367346692	0.14003923	0.47337256	94579943	94580183	94599942	94600016	NA	missing	926337.3	60.49889	1.1694074	NA	NA	NA	NA	NA	NA	NA	NA	NA	DUP
12	94599979	100340015	NA	5740037	80889	2.9967858	80548	4526	27247	mappable	0.2881	4	NA	0.21632737309	0.00020546538	0.3195346692	0.08907643	0.0892819	94599942	94600016	100339935	100340015	0.92915989	2	899074	57.9679	1.1356116	31.79938	0.6645376	0.3290751	1.005309086	1.9914767	2	1	2:1	3	DUP
12	100340016	100349990	NA	9975	116	2.6603784	116	10	30	mappable	0.26702804	12	NA	0.19525541759	0.1	0.2116346692	0.15055592	0.25055592	100340016	100340096	100349802	100349990	NA	missing	875368.2	55.62627	1.0234623	NA	NA	NA	NA	NA	NA	NA	NA	NA	NA
12	100349991	102719964	NA	2369974	31639	2.9967858	31565	1351	11033	mappable	0.28406566	4	NA	0.21381626198	0.00070175439	0.3286346692	0.09444458	0.09514634	100349991	100350179	102719828	102720100	0.9250151	2	899074	57.9679	1.1356116	31.79938	0.6645376	0.3290751	1.005309086	1.9914767	2	1	2:1	3	DUP
12	102719964	102930013	NA	210050	2688	2.6603784	2684	10	978	mappable	0.26863313	12	NA	0.15757038384	0.07142857143	0.2515346692	0.11311978	0.18454836	102719828	102720100	102929956	102930013	NA	missing	875368.2	55.62627	1.0234623	NA	NA	NA	NA	NA	NA	NA	NA	NA	NA
12	102930014	107790014	NA	4860001	68081	2.9967858	67836	3305	23107	mappable	0.29812267	4	NA	0.22851366341	0.00028169014	0.3242346692	0.09003929	0.09032098	102930014	102930071	107789962	107790014	0.91533645	2	899074	57.9679	1.1356116	31.79938	0.6645376	0.3290751	1.005309086	1.9914767	2	1	2:1	3	DUP
12	107790015	107920004	NA	129990	2077	2.6603784	2066	115	760	mappable	0.26756376	12	NA	0.19579113713	0.00793650794	0.2140346692	0.11772988	0.12566639	107790015	107790067	107919989	107920004	0.92791156	2	875368.2	55.62627	1.0234623	34.35357	0.6563195	0.312639	0.914320224	1.7460582	2	1	2:1	3	NA
12	107920005	109180013	NA	1260009	18871	2.9967858	18800	1160	6413	mappable	0.30323213	4	NA	0.23310542187	0.00081234768	0.2983346692	0.09869231	0.09950466	107920005	107920020	109179980	109180013	0.94984047	2	899074	57.9679	1.1356116	31.79938	0.6645376	0.3290751	1.005309086	1.9914767	2	1	2:1	3	DUP
12	109180014	109260005	NA	79992	1149	3.2613191	1139	2	377	mappable	0.26697531	NA	NA	0.12780336704	0.08333333333	0.4201346692	0.12279304	0.20612637	109180014	109180047	109259999	109260011	NA	missing	894290.4	56.65219	1.2238	NA	NA	NA	NA	NA	NA	NA	NA	NA	DUP
12	109260005	111500008	NA	2240004	27013	2.9967858	26897	1022	9145	mappable	0.30390841	4	NA	0.23882737309	0.00087873462	0.3275346692	0.09480888	0.09568762	109259999	109260011	111499990	111500026	0.92724944	2	899074	57.9679	1.1356116	31.79938	0.6645376	0.3290751	1.005309086	1.9914767	2	1	2:1	3	DUP
12	111500008	111835252	NA	335245	4195	2.6603784	4187	3	1549	mappable	0.07128557	12	NA	0.19190460677	0.09090909091	0.2353346692	0.10896299	0.19987208	111499990	111500026	111829886	111840618	NA	missing	875368.2	55.62627	1.0234623	NA	NA	NA	NA	NA	NA	NA	NA	NA	NA
12	111835252	112989950	NA	1154699	9110	2.9819295	9080	14	3258	mappable	0.18705682	2	NA	0.1091750713	0.02272727273	0.3431346692	0.09930938	0.12203665	111829886	111840618	112989754	112990146	NA	missing	904902.7	53.47695	1.1306589	NA	NA	NA	NA	NA	NA	NA	NA	NA	DUP
12	112989950	112999938	NA	9989	114	2.6670907	114	0	50	mappable	NA	NA	NA	NA	Inf	0.2220346692	0.15053299	Inf	112989754	112990146	112999870	112999938	NA	missing	876326.7	NA	1.0257	NA	NA	NA	NA	NA	NA	NA	NA	NA	NA
12	112999939	113439958	NA	440020	6074	2.9967858	6052	397	2102	mappable	0.30737609	4	NA	0.23367514814	0.00238663484	0.3047346692	0.10668254	0.10906918	112999939	113000007	113439881	113440035	0.72236115	2	899074	57.9679	1.1356116	31.79938	0.6645376	0.3290751	1.005309086	1.9914767	2	1	2:1	3	DUP
12	113439958	113530072	NA	90115	1412	2.6603784	1408	45	488	mappable	0.28624342	12	NA	0.20248098573	0.02040816327	0.2303346692	0.12151052	0.14191869	113439881	113440035	113529990	113530154	0.97236187	2	875368.2	55.62627	1.0234623	34.35357	0.6563195	0.312639	0.914320224	1.7460582	2	1	2:1	3	NA
12	113530072	113719981	NA	189910	2702	3.098161	2695	24	949	mappable	0.30579861	3	NA	0.24255447001	0.03225806452	0.3494346692	0.11405788	0.14631595	113529990	113530154	113719877	113719981	NA	missing	926337.3	60.49889	1.1694074	NA	NA	NA	NA	NA	NA	NA	NA	NA	DUP
12	113719982	114500081	NA	780100	12247	2.8001607	12209	480	4236	mappable	0.27809568	1	NA	0.21116723795	0.00193050193	0.2602346692	0.10218001	0.10411051	113719982	113720086	114489971	114500081	0.78956606	2	859318.6	54.37074	1.070062	32.25509	0.6521349	0.3042697	0.974078301	1.8260824	2	1	2:1	3	DUP
12	114500082	114619908	NA	119827	2090	2.4853126	2085	127	787	mappable	0.256875	NA	NA	0.1895666588	0.00757575758	0.1614346692	0.11854947	0.12612523	114500082	114510192	114619778	114619908	0.92778653	2	893020.3	57.0013	0.9651	37.16567	0.6610926	0.3221853	0.84229072	1.6430219	sub	1	sub:1	sub	NA
12	114619909	115410036	NA	790128	12507	2.9967858	12453	400	4309	mappable	0.29950061	4	NA	0.227411464	0.00220264317	0.3084346692	0.10208391	0.10428655	114619909	114620039	115409998	115410074	0.80310491	2	899074	57.9679	1.1356116	31.79938	0.6645376	0.3290751	1.005309086	1.9914767	2	1	2:1	3	DUP
12	115410036	115459994	NA	49959	916	2.6603784	915	2	318	mappable	0.41614648	12	NA	0.21445671142	0.33333333333	0.2365346692	0.12813566	0.461469	115409998	115410074	115459931	115459994	NA	missing	875368.2	55.62627	1.0234623	NA	NA	NA	NA	NA	NA	NA	NA	NA	NA
12	115459995	120830071	NA	5370077	75745	2.9967858	75475	3810	26014	mappable	0.29117819	4	NA	0.21922737309	0.00024509804	0.3020346692	0.0894594	0.08970449	115459995	115460058	120829987	120830155	0.91601221	2	899074	57.9679	1.1356116	31.79938	0.6645376	0.3290751	1.005309086	1.9914767	2	1	2:1	3	DUP
12	120830071	120905743	NA	75673	468	3.2691182	467	10	147	mappable	0.2371903	NA	NA	0.16714403976	0.09090909091	0.4227346692	0.12339973	0.21430882	120829987	120830155	120905727	120905759	NA	missing	890697	56.51824	1.2264	NA	NA	NA	NA	NA	NA	NA	NA	NA	DUP
12	120905743	124729998	NA	3824256	40059	2.9967858	39868	1617	13398	mappable	0.285475	4	NA	0.21587737309	0.00055309735	0.3415346692	0.09146308	0.09201617	120905727	120905759	124729972	124730024	0.92986569	2	899074	57.9679	1.1356116	31.79938	0.6645376	0.3290751	1.005309086	1.9914767	2	1	2:1	3	DUP
12	124729998	125189967	NA	459970	8022	2.7531389	7965	350	2661	mappable	0.30833176	9	NA	0.23642737309	0.00245700246	0.2131346692	0.10631975	0.10877675	124729972	124730024	125189887	125190047	0.91579287	2	882470.6	57.44765	1.0543862	33.61658	0.6734519	0.3469037	0.899032409	1.8541065	2	1	2:1	3	DUP
12	125189967	129250020	NA	4060054	70633	2.9967858	70359	2574	24046	mappable	0.29086641	4	NA	0.21930237309	0.0003511236	0.3221346692	0.09110344	0.09145457	125189887	125190047	129249995	129250045	0.90130371	2	899074	57.9679	1.1356116	31.79938	0.6645376	0.3290751	1.005309086	1.9914767	2	1	2:1	3	DUP
12	129250020	129259982	NA	9963	200	2.6586917	200	18	55	mappable	0.14262889	NA	NA	0.0708562646	0.05555555556	0.2192346692	0.1505756	0.20613116	129249995	129250045	129259964	129259982	NA	missing	821561.7	49.16922	1.0229	NA	NA	NA	NA	NA	NA	NA	NA	NA	NA
12	129259983	131714999	NA	2455017	44583	2.9967858	44293	2265	14465	mappable	0.30437973	4	NA	0.2333128994	0.00039138943	0.3256346692	0.09421829	0.09460968	129259983	129260001	131709798	131714999	0.88476654	2	899074	57.9679	1.1356116	31.79938	0.6645376	0.3290751	1.005309086	1.9914767	2	1	2:1	3	DUP
12	131715000	131775003	NA	60004	596	2.7420817	580	53	182	mappable	0.3071423	NA	NA	0.32994890419	0.01449275362	0.2470346692	0.12600194	0.1404947	131715000	131720201	131749965	131775003	0.97579917	2	906667.5	60.4445	1.0507	34.6595	0.6915649	0.3831299	0.845754133	1.8963275	2	1	2:1	3	DUP
12	131775004	132059999	NA	284996	3718	2.9967858	3679	345	1073	mappable	0.30302935	4	NA	0.22664852693	0.00260416667	0.3368346692	0.11037173	0.1129759	131775004	131800042	132059976	132060022	0.94206201	2	899074	57.9679	1.1356116	31.79938	0.6645376	0.3290751	1.005309086	1.9914767	2	1	2:1	3	DUP
12	132059999	132165021	NA	105023	1358	2.7531389	1330	81	361	mappable	0.31481912	9	NA	0.25008619662	0.00917431193	0.2990346692	0.11990159	0.1290759	132059976	132060022	132159990	132170052	0.80080063	2	882470.6	57.44765	1.0543862	33.61658	0.6734519	0.3469037	0.899032409	1.8541065	2	1	2:1	3	DUP
12	132165021	132340014	NA	174994	2365	2.9967858	2358	14	791	mappable	0.29711741	4	NA	0.23597449088	0.04761904762	0.3492346692	0.11483069	0.16244974	132159990	132170052	132339957	132340014	NA	missing	899074	57.9679	1.1356116	NA	NA	NA	NA	NA	NA	NA	NA	NA	DUP
12	132340015	132399978	NA	59964	425	2.8001607	424	0	141	mappable	NA	1	NA	0.20533580682	1	0.2621346692	0.12600958	1.12600958	132340015	132340072	132399928	132400028	NA	missing	859318.6	NA	1.070062	NA	NA	NA	NA	NA	NA	NA	NA	NA	DUP
12	132399978	132599953	NA	199976	2655	2.9819295	2646	4	972	mappable	0.15741784	2	NA	0.1316300434	0.07692307692	0.3487346692	0.11357527	0.19049835	132399928	132400028	132599895	132599953	NA	missing	904902.7	53.47695	1.1306589	NA	NA	NA	NA	NA	NA	NA	NA	NA	DUP
12	132599954	132765013	NA	165060	2112	3.2457816	2085	77	589	mappable	0.23481071	6	NA	0.28095237309	0.00961538462	0.4384346692	0.11538929	0.12500468	132599954	132600012	132699990	132830036	0.91512471	2	914299	60.60317	1.2186202	30.13512	0.6833887	0.3667773	1.027651247	2.2181303	2	1	2:1	3	DUP
12	132765013	133819926	NA	1054914	12603	2.8001607	12430	669	3763	mappable	0.29221818	1	edge	0.22272737309	0.00118764846	0.2842346692	0.09995655	0.1011442	132699990	132830036	133819926	133819926	0.8958705	2	859318.6	54.37074	1.070062	32.25509	0.6521349	0.3042697	0.974078301	1.8260824	2	1	2:1	3	DUP
9	200101	4619994	NA	4419896	92082	2.005458	91849	4727	31228	mappable	0.07032213	5	edge	0.00013923996	0.00020165356	0.0026020252	0.09059784	0.0907995	200101	200101	4619972	4619994	0.14622561	1	639186.5	33.05224	0.8051292	NA	NA	0	1.002729018	1.002729	1	1	1:1	2	TCNneutral
9	4619995	4639978	NA	19984	474	2.2214161	471	0	167	mappable	NA	13	NA	0.02564359418	0.33333333333	0.0512346692	0.13999173	0.47332507	4619995	4620017	4639917	4640039	NA	missing	669034.3	NA	0.8771239	NA	NA	NA	NA	NA	NA	NA	NA	NA	TCNneutral
9	4639978	4660003	NA	20026	468	1.807969	465	66	158	mappable	0.0845875	7	NA	0.0124013927	0.01449275362	0.0465653308	0.13996206	0.15445481	4639917	4640039	4659998	4660003	0.18381286	1	631514.7	32.75981	0.7392916	NA	NA	0	0.903984516	0.9039845	1	1	1:1	2	TCNneutral
9	4660004	8641023	NA	3981020	70315	2.005458	70139	3422	23621	mappable	0.06933205	5	self	0.00197262691	0.00027793218	0.0019346692	0.09122129	0.09149922	4660004	4660009	8640961	8641023	0.13881019	1	639186.5	33.05224	0.8051292	NA	NA	0	1.002729018	1.002729	1	1	1:1	2	TCNneutral
9	8641024	8701138	DUP	60115	1343	2.9819295	1342	5	493	mappable	0.2081813	2	identical	0.13701995551	0.16666666667	0.3216346692	0.12598078	0.29264745	8641024	8641113	8701095	8701138	NA	missing	904902.7	53.47695	1.1306589	NA	NA	NA	NA	NA	NA	NA	NA	NA	DUP
9	8701139	38769828	DUP	30068696	481405	2.005458	479963	24098	162720	mappable	0.06845	5	self	0.00092319137	3.915427e-05	0.0070179289	0.0805096	0.08054875	8701139	8701168	38769828	38769828	0.13826769	1	639186.5	33.05224	0.8051292	NA	NA	0	1.002729018	1.002729	1	1	1:1	2	TCNneutral
9	66840048	66849972	NA	9925	540	1.807969	508	0	306	mappable	NA	7	NA	0.02884611176	0.03125	0.0484653308	0.15063813	0.18188813	66840048	66840048	66849972	66849972	NA	missing	631514.7	NA	0.7392916	NA	NA	NA	NA	NA	NA	NA	NA	NA	TCNneutral
9	68410004	68419976	NA	9973	1130	2.5941995	1051	0	383	mappable	NA	NA	NA	0.0295872923	0.01265822785	0.1977346692	0.15055919	0.16321742	68410004	68410004	68419976	68419976	NA	missing	4344452	NA	1.0014	NA	NA	NA	NA	NA	NA	NA	NA	NA	NA
9	71030093	133029977	NA	61999890	844885	2.005458	842124	37511	285100	mappable	0.070225	5	self	0.00155509601	2.483115e-05	0.0059401577	0.07726255	0.07728738	71030093	71030093	133029936	133029977	0.14508156	1	639186.5	33.05224	0.8051292	NA	NA	0	1.002729018	1.002729	1	1	1:1	2	TCNneutral
9	133300050	140989997	NA	7689950	115115	2.005458	114284	5526	37011	mappable	0.067	5	self	0.00104073077	0.00015735641	0.0034511988	0.08743344	0.0875908	133300050	133300194	140989988	140990006	0.16169855	1	639186.5	33.05224	0.8051292	NA	NA	0	1.002729018	1.002729	1	1	1:1	2	TCNneutral
9	140989997	141019791	NA	29795	501	2.2214161	499	33	155	mappable	0.05909412	13	edge	0.01267850926	0.02857142857	0.0907346692	0.1345643	0.16313573	140989988	140990006	141019791	141019791	0.28553377	1	669034.3	34.78543	0.8771239	NA	NA	0	1.110708057	1.1107081	1	1	1:1	2	TCNneutral
